RHO   : 1.225
NU    : 1.463e-05
B     : 2
U_inf : 7.9
RPM   : 140
power : 195.66057948879254
R_out : 1.42
R_in  : 0.059
N     : 50
M     : 50
dt    : 0.05
thrust: 21.99058177149203
eta   : 0.8878926784776189
optsucess:Optimization terminated successfully
îºåar[m],óÉå∑í∑chord[m],éÊïtäptheta[deg],ó¨ì¸äpphi[deg],å}äpalpha[deg],èzä¬gamma,Re,ógóÕåWêîCL,çRóÕåWêîCD,ó¨ì¸ë¨ìxV,ã«èäógóÕdL,ã«èäçRóÕdD
7.260999999999999399e-02,5.049507537182634093e-02,8.447597793702830415e+01,8.175722285167195480e+01,2.718755085356354684e+00,6.832882711956261845e-02,2.752780118222814781e+04,3.393267617611319675e-01,4.831035293733666747e-02,7.975663534125576604e+00,1.817167663260733576e-02,2.587123122939519442e-03
9.982999999999998819e-02,8.182796162839553467e-02,8.073735604576918945e+01,7.899440765051900826e+01,1.742948395250174531e+00,1.177217908878643721e-01,4.496162503522352927e+04,3.579320027543715921e-01,3.310990330993603820e-02,8.038677258667746628e+00,3.155481676556024656e-02,2.918925728995011223e-03
1.270499999999999963e-01,1.080158880839767049e-01,7.705753815494571768e+01,7.625237532244679528e+01,8.051628324989200669e-01,1.647555562236538984e-01,5.995756420075518690e+04,3.756485856870488971e-01,2.735080346310373930e-02,8.120834627356741109e+00,4.461336133867298270e-02,3.248278642047191297e-03
1.542700000000000182e-01,1.311115550176411293e-01,7.393914088884234559e+01,7.353380314777521676e+01,4.053377410671250569e-01,2.120739764599839372e-01,7.368155518206667330e+04,3.934723918479031690e-01,2.432108288511845504e-02,8.221709765921051627e+00,5.813982643125622379e-02,3.593704582220280750e-03
1.814899999999999847e-01,1.519569856419689668e-01,7.173120830276874926e+01,7.153042100713214779e+01,2.007872956366072992e-01,2.645542676917285174e-01,8.660267276604202925e+04,4.176083231061658019e-01,2.189757938472308360e-02,8.337866779961073505e+00,7.355190630647401306e-02,3.856744748916976669e-03
2.087100000000000066e-01,1.650679324305104889e-01,6.914702077092593413e+01,6.900224744703373858e+01,1.447733238921902754e-01,3.100227395223972837e-01,9.560294007049077481e+04,4.433104519785067144e-01,2.004365590624014246e-02,8.473305460587178928e+00,8.759324630069485751e-02,3.960404905244130358e-03
2.359300000000000008e-01,1.750727097383511510e-01,6.677710901727161286e+01,6.659136368728593425e+01,1.857453299856721418e-01,3.530667870911679551e-01,1.032116964663962572e+05,4.676421177076701685e-01,1.874804848940753513e-02,8.624914308803903751e+00,1.015396972052886038e-01,4.070786387111781715e-03
2.631499999999999950e-01,1.826698486999146498e-01,6.455143430668283600e+01,6.427342064074153427e+01,2.780136659412966171e-01,3.941903392415370133e-01,1.097764223393339926e+05,4.908881779885941321e-01,1.779038844347996876e-02,8.791976728807608055e+00,1.155624434316432081e-01,4.188124404524531594e-03
2.903700000000000170e-01,1.853862190380230202e-01,6.260426262603608905e+01,6.211158637137737060e+01,4.926762546587207248e-01,4.338968301092611668e-01,1.137074181554467941e+05,5.216549687058495977e-01,1.723602863653006176e-02,8.973372110647511946e+00,1.298274014211687755e-01,4.289633844096185471e-03
3.175899999999999834e-01,1.865909966268312903e-01,6.069377652810847934e+01,5.997830581089328206e+01,7.154707172151942851e-01,4.708803682347176833e-01,1.169387547504956747e+05,5.504752394930871873e-01,1.681295097944399478e-02,9.168791704463950865e+00,1.439616781470040852e-01,4.396965501723477075e-03
3.448100000000000054e-01,1.867367992674936472e-01,5.888794559276581708e+01,5.794444190815165285e+01,9.435036846141644507e-01,5.057332993376516539e-01,1.196888184826488432e+05,5.776351858645807358e-01,1.647562745617583285e-02,9.377088079424780176e+00,1.581298121664757861e-01,4.510265196311454353e-03
3.720299999999999718e-01,1.860416700984552918e-01,5.716762158292116425e+01,5.599640211732650386e+01,1.171219465594663500e+00,5.384659561868060385e-01,1.220460503660123941e+05,6.031428598674912767e-01,1.620252802971888437e-02,9.597493485786475986e+00,1.723218253731814142e-01,4.629167302676351001e-03
3.992499999999999938e-01,1.839356360965425652e-01,5.558743678434498747e+01,5.416742378049293194e+01,1.420013003852054867e+00,5.693764857575827065e-01,1.235754751622478943e+05,6.298728777376921828e-01,1.603489454303478126e-02,9.829031719958642555e+00,1.866098113218487564e-01,4.750591351049694711e-03
4.264699999999999602e-01,1.810723064011793837e-01,5.406959985720034467e+01,5.240421516068234098e+01,1.665384696518003471e+00,5.979020121249120079e-01,1.246487294269893464e+05,6.557341901706271736e-01,1.592281504898225911e-02,1.007117514412450454e+01,2.007864370351764294e-01,4.875581217479797551e-03
4.536899999999999822e-01,1.779522147052497172e-01,5.260666198374632785e+01,5.071894816352002522e+01,1.887713820226301520e+00,6.241880762323991361e-01,1.255654063439965539e+05,6.795652006053534144e-01,1.583034207927240186e-02,1.032311903426103505e+01,2.148575468643349196e-01,5.005065683389746216e-03
4.809099999999999486e-01,1.746538273293062882e-01,5.120362201624938336e+01,4.911545014877261650e+01,2.088171867476764199e+00,6.483817098113299204e-01,1.263540711750478513e+05,7.014992083714386428e-01,1.575327491726457793e-02,1.058413714464743549e+01,2.288286632212861438e-01,5.138709777084103647e-03
5.081299999999999706e-01,1.712295177164086801e-01,4.983886800439551479e+01,4.757120605936541580e+01,2.267661945030098103e+00,6.704450074447186880e-01,1.270314872261493292e+05,7.215018483245230208e-01,1.568898906436369881e-02,1.085368155504925625e+01,2.426411445947427303e-01,5.276208609793274149e-03
5.353499999999999925e-01,1.677446806840766080e-01,4.853996291889320958e+01,4.610585643074757911e+01,2.434106488145634017e+00,6.908784762547436342e-01,1.276261994264399109e+05,7.400268814537946938e-01,1.563406069074134430e-02,1.113103133878426299e+01,2.564255394707727898e-01,5.417333541811970160e-03
5.625699999999999035e-01,1.640688081765412920e-01,4.736371346674739868e+01,4.476209803498875317e+01,2.601615431758644181e+00,7.102009562162260314e-01,1.280181788003411784e+05,7.583946796669677193e-01,1.559043303008955141e-02,1.141536881180795504e+01,2.703307253221735595e-01,5.557229213371614115e-03
5.897899999999999254e-01,1.601811810616468879e-01,4.622220821515858802e+01,4.345742994793425140e+01,2.764778267224335728e+00,7.274369138006864244e-01,1.281731411020597006e+05,7.758610994581123244e-01,1.555896670828086324e-02,1.170657527866185177e+01,2.839549261069156949e-01,5.694376538578318353e-03
6.170099999999999474e-01,1.563749115943806334e-01,4.513242290452544836e+01,4.221974162261439290e+01,2.912681281911055908e+00,7.429133515509407371e-01,1.283064568961982004e+05,7.915444728531116914e-01,1.553148272543477398e-02,1.200399376890093528e+01,2.973638249492386310e-01,5.834796740757955576e-03
6.442299999999999693e-01,1.526587475698840957e-01,4.409171673916135603e+01,4.104691740293090163e+01,3.044799336230453513e+00,7.566961854146888600e-01,1.284208135134509357e+05,8.055115971626348736e-01,1.550758210160593786e-02,1.230716569872101296e+01,3.105301706858917821e-01,5.978277822317803851e-03
6.714499999999999913e-01,1.490386301372461086e-01,4.310122964444264682e+01,3.994086756715151409e+01,3.160362077291130056e+00,7.687995864217658237e-01,1.285180145103125105e+05,8.177768328975365542e-01,1.548701700740384192e-02,1.261564569235790678e+01,3.234050774432395414e-01,6.124629279234861286e-03
6.986700000000000133e-01,1.455152932869588911e-01,4.214491861356673041e+01,3.888774212816229436e+01,3.257176485404439159e+00,7.789753984877414439e-01,1.285975072216225963e+05,8.280887058752449681e-01,1.547001919243935417e-02,1.292909829719560122e+01,3.358274477909000688e-01,6.273792923165210332e-03
7.258900000000000352e-01,1.420880775425098497e-01,4.120059612638580404e+01,3.786794228391896411e+01,3.332653842466841265e+00,7.869718034756227887e-01,1.286585988628571940e+05,8.361920308952753844e-01,1.545684189935274400e-02,1.324724307569340276e+01,3.476233072875934971e-01,6.425747080514074457e-03
7.531100000000000572e-01,1.387595003466592369e-01,4.026733301003790189e+01,3.687869519495615833e+01,3.388637815081743110e+00,7.929483802887710153e-01,1.287034916037234943e+05,8.422485205925223095e-01,1.544709338649254311e-02,1.356975253916592905e+01,3.587905978268502993e-01,6.580328412958033960e-03
7.803299999999998571e-01,1.355341518854066007e-01,3.936253993718725752e+01,3.593218748691199238e+01,3.430352450275266474e+00,7.974300496760667878e-01,1.287367341036392172e+05,8.467901144378332523e-01,1.543983823799451212e-02,1.389626447457067471e+01,3.695003701796731876e-01,6.737237300226035959e-03
8.075499999999998790e-01,1.324185409261498247e-01,3.854480967686382797e+01,3.507976836366577089e+01,3.465041313198058859e+00,8.011751347970520465e-01,1.287642407694196299e+05,8.505852751393006006e-01,1.543381101583744287e-02,1.422626189112913586e+01,3.800515175641708820e-01,6.896008512970105975e-03
8.347699999999999010e-01,1.294022977700893806e-01,3.777770296474793099e+01,3.429308177918419176e+01,3.484621185563738788e+00,8.033005671145501125e-01,1.287797426050003123e+05,8.527391266391763924e-01,1.543040460634128100e-02,1.455961498967015899e+01,3.899888351136410747e-01,7.056889181895707915e-03
8.619899999999999229e-01,1.264639379655817519e-01,3.689232944589633689e+01,3.342105479042379557e+01,3.471274655472540438e+00,8.018506450368576566e-01,1.287691761055686948e+05,8.512698176350594892e-01,1.543272727413709695e-02,1.489668182669740837e+01,3.982971825937752230e-01,7.220756175878025734e-03
8.892099999999999449e-01,1.236337505227854683e-01,3.614879618440107834e+01,3.269210704847305493e+01,3.456689135928021628e+00,8.002717067834433928e-01,1.287576278165988333e+05,8.496697673783047966e-01,1.543526203289384037e-02,1.523632573622907493e+01,4.065761708058410751e-01,7.385939777617888703e-03
9.164299999999999669e-01,1.208875371661268378e-01,3.536987892842412862e+01,3.194951212044992417e+01,3.420366807974206225e+00,7.963551056496414038e-01,1.287287933224649023e+05,8.457007973212460339e-01,1.544157416475008468e-02,1.557896116056676838e+01,4.136847133332408610e-01,7.553431665185136347e-03
9.436499999999999888e-01,1.182311744530853553e-01,3.463974178776945934e+01,3.126868044587787665e+01,3.371061341891582241e+00,7.910673752340838805e-01,1.286894323151732679e+05,8.403423645954770649e-01,1.545015241984720213e-02,1.592411141545463416e+01,4.200421676813543281e-01,7.722704205879170856e-03
9.708700000000000108e-01,1.156547842455067504e-01,3.390548611582649841e+01,3.060402350700190155e+01,3.301462608824597300e+00,7.836594590530794324e-01,1.286334371508914628e+05,8.328353970735979939e-01,1.546228146334528708e-02,1.627176253705782472e+01,4.251930795680385899e-01,7.894062975287536796e-03
9.980900000000000327e-01,1.131561539067360844e-01,3.318106263841860226e+01,2.996847807088939675e+01,3.212584567529206403e+00,7.742787066495053772e-01,1.285610644352158706e+05,8.233292145110845395e-01,1.547783220927194739e-02,1.662170644503712680e+01,4.291381587583188995e-01,8.067402806544943239e-03
1.025309999999999722e+00,1.107314828564858744e-01,3.246838907447574485e+01,2.936424170084998764e+01,3.104147373625756323e+00,7.629182129776924670e-01,1.284711487350907119e+05,8.118168195348155480e-01,1.549696201073981483e-02,1.697378972546006537e+01,4.317983815090307154e-01,8.242700758994820492e-03
1.052529999999999744e+00,1.083750309408218759e-01,3.175379778187581792e+01,2.877941427150696541e+01,2.974383510368853401e+00,7.493533890707961831e-01,1.283603882907948864e+05,7.980706201960323654e-01,1.552024960611319941e-02,1.732790721619043595e+01,4.329691960388642458e-01,8.420044322181328283e-03
1.079749999999999766e+00,1.060842885052343532e-01,3.105790770080320229e+01,2.823250524145489138e+01,2.825402459348310469e+00,7.337876417084264746e-01,1.282284936865449854e+05,7.822967430289654578e-01,1.554760338092467387e-02,1.768388975471697222e+01,4.326855597654984953e-01,8.599324401940231302e-03
1.106969999999999787e+00,1.038522919704863712e-01,3.038104224889156058e+01,2.772610620648444524e+01,2.654936042407116670e+00,7.158778667587414324e-01,1.280700002401773381e+05,7.641474962520898861e-01,1.557996555625837387e-02,1.804162496525611914e+01,4.306642239662151761e-01,8.780678872358503237e-03
1.134189999999999809e+00,1.015465475578682247e-01,2.964581211981126785e+01,2.718387921459961376e+01,2.461932905211654088e+00,6.942628703282945901e-01,1.277218392304456211e+05,7.430951814530725175e-01,1.562536245301550733e-02,1.840112296163076522e+01,4.259832047371536201e-01,8.957320864198715579e-03
1.161409999999999831e+00,9.905809271686193129e-02,2.896444176462724585e+01,2.669544572541112615e+01,2.268996039216121474e+00,6.706092609082506817e-01,1.270363895241397258e+05,7.216507609189445338e-01,1.568853044131660740e-02,1.876214580519374664e+01,4.195427908166287079e-01,9.120768939230557495e-03
1.188629999999999853e+00,9.656314394663192968e-02,2.830564505468478842e+01,2.624984222842874360e+01,2.055802826256043936e+00,6.444517960327826867e-01,1.262293357766760746e+05,6.979363388645711819e-01,1.576530671626399233e-02,1.912463810657838792e+01,4.109678740077495895e-01,9.283131173257783142e-03
1.215849999999999653e+00,9.401779371467840207e-02,2.761845663478393575e+01,2.581041852870916387e+01,1.808038106074772777e+00,6.146587255289274188e-01,1.252406128397175198e+05,6.709258677968361617e-01,1.586275628475048924e-02,1.948854672558654855e+01,3.994272730844352082e-01,9.443692351923880721e-03
1.243069999999999675e+00,9.140014517827034501e-02,2.693890354733719406e+01,2.541626761042253690e+01,1.522635936914657817e+00,5.813215651405618800e-01,1.240354451871553756e+05,6.407023161144452805e-01,1.598636601332531840e-02,1.985378206510222299e+01,3.848432681217432427e-01,9.602346030632324253e-03
1.270289999999999697e+00,8.853034772500593952e-02,2.623711070759063446e+01,2.503358350822624701e+01,1.203527199364387235e+00,5.430262435437246404e-01,1.223587269509942707e+05,6.066965684404291848e-01,1.616739333719284522e-02,2.022027724157937811e+01,3.661273180402492278e-01,9.756647177788386679e-03
1.297509999999999719e+00,8.470280552306275190e-02,2.560195582052985941e+01,2.470192904364863651e+01,9.000267768812230118e-01,4.992588239095552272e-01,1.191976819748973503e+05,5.725898023101442247e-01,1.653437582616753762e-02,2.058800858512215726e+01,3.427396110802373164e-01,9.897112238554340788e-03
1.324729999999999741e+00,8.023839229805650175e-02,2.496599236496550489e+01,2.439278939269146917e+01,5.732029722740359379e-01,4.475192495350088784e-01,1.149383481093999580e+05,5.322705516523913438e-01,1.707137662433257097e-02,2.095690086354398574e+01,3.127252794525346991e-01,1.002995752613113078e-02
1.351949999999999763e+00,7.432092103456805487e-02,2.435933313003513945e+01,2.410537221868098001e+01,2.539609113541584917e-01,3.848549628118226873e-01,1.083413202692376362e+05,4.856111357127529393e-01,1.798843698913904499e-02,2.132688203368359581e+01,2.736835330118913001e-01,1.013802737724177859e-02
1.379169999999999785e+00,6.403599251954492089e-02,2.407795433696226084e+01,2.393390583226899437e+01,1.440485046932663549e-01,3.066655477198262925e-01,9.497423710929002846e+04,4.414127199262796175e-01,2.016091240725255071e-02,2.169831424858170621e+01,2.218784851885046705e-01,1.013399139400968790e-02
1.406389999999999807e+00,4.511581998796895809e-02,2.382077590799790556e+01,2.329617451784926985e+01,5.246013901486343833e-01,1.921369697371177188e-01,6.805365065621858230e+04,3.859625607613787479e-01,2.539052888590403317e-02,2.206819934484137491e+01,1.413845796283536294e-01,9.300977913488666857e-03
