RHO   : 1.225
NU    : 1.463e-05
B     : 2
U_inf : 7.9
RPM   : 140
power : 231.5127449134942
R_out : 1.52
R_in  : 0.059
N     : 200
M     : 200
dt    : 0.05
thrust: 25.990052769998552
eta   : 0.8868687421926075
optsucess:Optimization terminated successfully
îºåar[m],óÉå∑í∑chord[m],éÊïtäptheta[deg],ó¨ì¸äpphi[deg],å}äpalpha[deg],èzä¬gamma,Re,ógóÕåWêîCL,çRóÕåWêîCD,ó¨ì¸ë¨ìxV,ã«èäógóÕdL,ã«èäçRóÕdD
6.265249999999999986e-02,8.389104622708426148e-03,nan,8.074203960383108836e+01,nan,1.237787163210968960e-02,4.568910425647325610e+03,3.703556719837301503e-01,8.640384998164601926e-02,7.967853845365446830e+00,8.825587856539267653e-04,2.059006589724256893e-04
6.995750000000000579e-02,1.529403078010719771e-02,nan,7.989942053970079883e+01,nan,2.245527592378957285e-02,8.344206704193216865e+03,3.678908712387984337e-01,6.351738403521034471e-02,7.981920910027822558e+00,1.603917866281935785e-03,2.769208888780407235e-04
7.726249999999999785e-02,2.284595779758929676e-02,8.252915755526700536e+01,7.912381271337841326e+01,3.405344841888593876e+00,3.336258155528475794e-02,1.248783334836012727e+04,3.652230875250990771e-01,5.416228002240227463e-02,7.996907089874202512e+00,2.387470465020527337e-03,3.540598836396678857e-04
8.456750000000000378e-02,3.122063491842682822e-02,8.151166053285703583e+01,7.829841678241747616e+01,3.213243750439565893e+00,4.532254585283666121e-02,1.710150079658991672e+04,3.622978373260670737e-01,4.893504503631453117e-02,8.013769012315702156e+00,3.250180094888161647e-03,4.389971259374169060e-04
9.187249999999999583e-02,4.082459038767483755e-02,8.058024797231716718e+01,7.750856762704123071e+01,3.071680345275930701e+00,5.885511560162186989e-02,2.241248528326159067e+04,3.589879484864196280e-01,4.544159182125749596e-02,8.031793009565877384e+00,4.230123370147528643e-03,5.354595895217857280e-04
9.917750000000000177e-02,5.220251905452755192e-02,7.978082492455899910e+01,7.685681917195606161e+01,2.924005752602941488e+00,7.460744719975752337e-02,2.872401879768590516e+04,3.550770863248485787e-01,4.259468014062564589e-02,8.050040546342136949e+00,5.374481311062649994e-03,6.447172210854756110e-04
1.064825000000000077e-01,6.650419551165098753e-02,7.959509422384618915e+01,7.715957424440929913e+01,2.435519979436890470e+00,9.390099487169023540e-02,3.665000563133799733e+04,3.502529625948915815e-01,3.918751290892577566e-02,8.062492573006750263e+00,6.774789880469574664e-03,7.579869244481685043e-04
1.137875000000000136e-01,8.057351162918065246e-02,7.886108869990886205e+01,7.713857812538513770e+01,1.722510574523720139e+00,1.125777713201166902e-01,4.450064753876477334e+04,3.458374224920836015e-01,3.516253196221902355e-02,8.080130309926136789e+00,8.140054648084477443e-03,8.276285708902188449e-04
1.210925000000000057e-01,9.274294681841603605e-02,7.750735589419194582e+01,7.641032847502415848e+01,1.097027419167792894e+00,1.288776974760186267e-01,5.136698326905822614e+04,3.429883564435933230e-01,3.167380529021467800e-02,8.103030915091606445e+00,9.345048791425815404e-03,8.629833937113702558e-04
1.283974999999999977e-01,1.040536115445416659e-01,7.647325003296920443e+01,7.578507431163863828e+01,6.881757213305689236e-01,1.446951359792703617e-01,5.780047294056457031e+04,3.422222244212441145e-01,2.908139960968068524e-02,8.126781056114321444e+00,1.052273905507083822e-02,8.942025316048180829e-04
1.357025000000000037e-01,1.145211830741260650e-01,7.560316347902480061e+01,7.520429098448613559e+01,3.988724945386712961e-01,1.601537979595588634e-01,6.380991815591258637e+04,3.431110652138975592e-01,2.706553278753423900e-02,8.151671835390922993e+00,1.168261968555681270e-02,9.215567733049125337e-04
1.430075000000000096e-01,1.237948622136536697e-01,7.469707245709207655e+01,7.449682621696004503e+01,2.002462401320319052e-01,1.749263540895342195e-01,6.920394107484968845e+04,3.455493547191736958e-01,2.549455295934607152e-02,8.178478814231311844e+00,1.280218463641289058e-02,9.445422766701656566e-04
1.503125000000000155e-01,1.326482389596739253e-01,7.377420781153776375e+01,7.372925761179209303e+01,4.495019974566944604e-02,1.893870994269614694e-01,7.441088561500489595e+04,3.479361781832032152e-01,2.420090654298867605e-02,8.206903198153076673e+00,1.390868311099681572e-02,9.674266753831017298e-04
1.576175000000000215e-01,1.411121687958497017e-01,7.328213741522010594e+01,7.335168892746989400e+01,-6.955151224978435576e-02,2.045206892295408363e-01,7.942825762249213585e+04,3.520042292042379617e-01,2.301289099068481656e-02,8.234834875922032893e+00,1.507122146851585381e-02,9.853074138782202604e-04
1.649225000000000274e-01,1.479819312207802107e-01,7.254594954817650887e+01,7.270285952323575884e+01,-1.569099750592513054e-01,2.186248572984719196e-01,8.360316810956210247e+04,3.574888274314687586e-01,2.202191456387213309e-02,8.265295224577654309e+00,1.617015632796725208e-02,9.961088957590308584e-04
1.722275000000000056e-01,1.542171308910920691e-01,7.176155845079570383e+01,7.199793657214199527e+01,-2.363781213462984865e-01,2.320605891410047472e-01,8.746279379926182446e+04,3.627134951101975702e-01,2.119418811419038554e-02,8.297266755577489050e+00,1.723029655411560668e-02,1.006806064164403238e-03
1.795325000000000115e-01,1.599809209910725560e-01,7.095847790125094434e+01,7.126816893071777770e+01,-3.096910294668304697e-01,2.450735087942079726e-01,9.109642092326132115e+04,3.677737464991661653e-01,2.048277439380645493e-02,8.330622363285959509e+00,1.826964571401649973e-02,1.017508821597795741e-03
1.868375000000000175e-01,1.654483406316892835e-01,7.020275085796865255e+01,7.057485960085887200e+01,-3.721087428902229988e-01,2.579668116468931127e-01,9.459935679433256155e+04,3.727874832628933488e-01,1.985214116236859797e-02,8.365079907220309252e+00,1.931035415552700280e-02,1.028338916412892788e-03
1.941425000000000234e-01,1.698628110068120256e-01,6.960641381685456963e+01,7.000354782707707102e+01,-3.971340102225012769e-01,2.709283293919104163e-01,9.753139515998997376e+04,3.797481369261622164e-01,1.934638173398622527e-02,8.400216049253010908e+00,2.036578637907079242e-02,1.037541041785098933e-03
2.014475000000000016e-01,1.732486584844454280e-01,6.894558677351757581e+01,6.933520153150418253e+01,-3.896147579866048316e-01,2.833823317311449652e-01,9.991132028023203020e+04,3.877427989625299998e-01,1.894862877946107416e-02,8.437021264617925453e+00,2.139529220025910422e-02,1.045567965712204282e-03
2.087525000000000075e-01,1.763204260621158981e-01,6.830391077805158773e+01,6.867284178779829062e+01,-3.689310097466964589e-01,2.955334235831159617e-01,1.021406360558330925e+05,3.955430121055237280e-01,1.859526440744806858e-02,8.475010745325702644e+00,2.241316412491156998e-02,1.053687463448528885e-03
2.160575000000000134e-01,1.791022250282305883e-01,6.763914018129030126e+01,6.799503006710735065e+01,-3.558898858170533863e-01,3.073900746856823574e-01,1.042327766386130679e+05,4.031542133777062387e-01,1.827959300133482831e-02,8.514274582476829778e+00,2.342037266841531795e-02,1.061913446795921057e-03
2.233625000000000194e-01,1.816498392521899152e-01,6.698771384994147127e+01,6.732753544743512464e+01,-3.398215974936533712e-01,3.190651185361362829e-01,1.062170909549147764e+05,4.106488345686871710e-01,1.799372781414569633e-02,8.554678864939701199e+00,2.442526859143520634e-02,1.070261493091303768e-03
2.306675000000000253e-01,1.839941832823197287e-01,6.635491255277295863e+01,6.667415896372311579e+01,-3.192464109501543801e-01,3.306139250039777933e-01,1.081099536936632066e+05,4.180624195447348312e-01,1.773274485519495125e-02,8.596188174663213388e+00,2.543216686002906790e-02,1.078743520010132457e-03
2.379725000000000312e-01,1.861569583104688286e-01,6.575001083267382285e+01,6.604071643033113048e+01,-2.907055976573024725e-01,3.420695439744043109e-01,1.099223666800231877e+05,4.254161841893295826e-01,1.749310829765719083e-02,8.638754302413317987e+00,2.644367676509034454e-02,1.087363665586583289e-03
2.452775000000000094e-01,1.879114164374634799e-01,6.518464968510704693e+01,6.543633503445056476e+01,-2.516853493435128875e-01,3.534295401791898161e-01,1.115177780810437980e+05,4.332558220321050535e-01,1.729114852308477612e-02,8.682309591703983642e+00,2.745961364192511800e-02,1.095907391716176337e-03
2.525824999999999876e-01,1.885757412082595952e-01,6.462863966564043494e+01,6.481317806186829955e+01,-1.845383962278682732e-01,3.645518883728261494e-01,1.124891838371723716e+05,4.430311428258209006e-01,1.717634468494637356e-02,8.727086257189000662e+00,2.846983365751387662e-02,1.103777203799871090e-03
2.598874999999999935e-01,1.891114618403026137e-01,6.407099900084999433e+01,6.418570702049562726e+01,-1.147080196456370521e-01,3.754730812018663433e-01,1.134021940794364054e+05,4.526296701777141607e-01,1.707167417279779539e-02,8.772996005832682798e+00,2.947698410026858284e-02,1.111773048282382360e-03
2.671924999999999994e-01,1.895397689565679888e-01,6.353165236027557228e+01,6.357409987272587415e+01,-4.244751245029955433e-02,3.862619457096742037e-01,1.142668999773899704e+05,4.621118954891011432e-01,1.697544458280403346e-02,8.819915503074618357e+00,3.048615527588265789e-02,1.119893351545871683e-03
2.744975000000000054e-01,1.898628161294134697e-01,6.298830225683320805e+01,6.295680643722204195e+01,3.149581961116384998e-02,3.968937535204398737e-01,1.150849908978072344e+05,4.714560852373445021e-01,1.688702157365250950e-02,8.867947137617973041e+00,3.149587429282182244e-02,1.128146449517499188e-03
2.818025000000000113e-01,1.901016356749521963e-01,6.246597918063614685e+01,6.235874275208723105e+01,1.072364285489178504e-01,4.074572362728584030e-01,1.158663276784721093e+05,4.807402247738910561e-01,1.680497007572296850e-02,8.916937342056741045e+00,3.251277652930611300e-02,1.136531141970982366e-03
2.891075000000000172e-01,1.902030689784153517e-01,6.200466281867653606e+01,6.181871717702581748e+01,1.859456416507166421e-01,4.180132228700692010e-01,1.165744005534828611e+05,4.901990875293417149e-01,1.673196486530960023e-02,8.966645434574960660e+00,3.354102464764675134e-02,1.144855753974280323e-03
2.964125000000000232e-01,1.896034417610436007e-01,6.152220998080218095e+01,6.124323249402760894e+01,2.789774867745731246e-01,4.282815501931857560e-01,1.168670118354484148e+05,5.009831230704239191e-01,1.669614709027143762e-02,9.017580943005343741e+00,3.456015839272785078e-02,1.151778296345824185e-03
3.037175000000000291e-01,1.889592532221005539e-01,6.103194558406961079e+01,6.066320057391180143e+01,3.687450101578089723e-01,4.383231935478390517e-01,1.171412313245564437e+05,5.115290898496154259e-01,1.666299020333634681e-02,9.069554335420175306e+00,3.557432821266735129e-02,1.158828880430276195e-03
3.110225000000000350e-01,1.882796185660429999e-01,6.055949729653104896e+01,6.010050198522873188e+01,4.589953113023135800e-01,4.482071076121884046e-01,1.174003212092074391e+05,5.219094056694071337e-01,1.663203842531455270e-02,9.122424999433661696e+00,3.658856271285759049e-02,1.165992362576327279e-03
3.183275000000000410e-01,1.875629185521541786e-01,6.007855625279053413e+01,5.953150271045485908e+01,5.470535423356726046e-01,4.578885489045559365e-01,1.176443029345684627e+05,5.320770798874608909e-01,1.660323591959220885e-02,9.176313555038618119e+00,3.759969625995331077e-02,1.173282313985510436e-03
3.256325000000000469e-01,1.868173653361958619e-01,5.961462030881366303e+01,5.898009495443233163e+01,6.345253543813339503e-01,4.674305915064889128e-01,1.178758160865680984e+05,5.420983543672982519e-01,1.657622406801208606e-02,9.231064715226262152e+00,3.861226129584727218e-02,1.180681494153610223e-03
3.329375000000000528e-01,1.860414022804016687e-01,5.914628767843075963e+01,5.842570540550413938e+01,7.205822729266189164e-01,4.767910264833322143e-01,1.180947543975683657e+05,5.519289003066566446e-01,1.655097396200331736e-02,9.286783671047563971e+00,3.962321501647542155e-02,1.188201595647869844e-03
3.402425000000000033e-01,1.852410386114498875e-01,5.869097210137316267e+01,5.788498294852104920e+01,8.059891528521162529e-01,4.860147851733744861e-01,1.183029983293919213e+05,5.616159056392436844e-01,1.652723132200760447e-02,9.343355438582729988e+00,4.063578564499869400e-02,1.195829787872518778e-03
3.475475000000000092e-01,1.844161995717584213e-01,5.823636240815005038e+01,5.734607916178757847e+01,8.902832463624729131e-01,4.950797077962511006e-01,1.185007736282160913e+05,5.711360976496977493e-01,1.650493739930750103e-02,9.400835296501229621e+00,4.164835751127250046e-02,1.203572206933320064e-03
3.548525000000000151e-01,1.835713167207016494e-01,5.779479728172913866e+01,5.682098304192587079e+01,9.738142398032645364e-01,5.040156611170028000e-01,1.186893861063456134e+05,5.805208431074602160e-01,1.648391509640453542e-02,9.459134192395410423e+00,4.266303298980417963e-02,1.211418714605667305e-03
3.621575000000000211e-01,1.827056217146915962e-01,5.735288387802290089e+01,5.629637497537128610e+01,1.056508902651615678e+00,5.127914632942576212e-01,1.188687757214356534e+05,5.897373941194217206e-01,1.646414367573044088e-02,9.518317895659826888e+00,4.367745259402464053e-02,1.219376390353681550e-03
3.694625000000000270e-01,1.818231315737048048e-01,5.692245473924047872e+01,5.578373751595423613e+01,1.138717223286241254e+00,5.214361259170595675e-01,1.190400857486667082e+05,5.988162193293553592e-01,1.644547179346499480e-02,9.578299743435159996e+00,4.469365262592056576e-02,1.227435363106350570e-03
3.767675000000000329e-01,1.809237768911932942e-01,5.649463836316928678e+01,5.527421013503911240e+01,1.220428228130176818e+00,5.299292359873661873e-01,1.192034079694987886e+05,6.077358805332124803e-01,1.642786642214844398e-02,9.639119238830438974e+00,4.571003371947560817e-02,1.235599792851805028e-03
3.840725000000000389e-01,1.800103453297643152e-01,5.607648594257140218e+01,5.477451607646868581e+01,1.301969866102719031e+00,5.382871328252019083e-01,1.193595164397722401e+05,6.165135376638931630e-01,1.641122268639979079e-02,9.700718713221270662e+00,4.672768002264284654e-02,1.243862974000901076e-03
3.913775000000000448e-01,1.790830356958487413e-01,5.566081933252566216e+01,5.427799872124231939e+01,1.382820611283342993e+00,5.464945348571947914e-01,1.195085477511958161e+05,6.251331416585677037e-01,1.639550622255792067e-02,9.763124948191416408e+00,4.774533881962760018e-02,1.252227641680356924e-03
3.986825000000000507e-01,1.781443029267086309e-01,5.525347578889774525e+01,5.379054873122833413e+01,1.462927057669408670e+00,5.545673844480664139e-01,1.196511801831557241e+05,6.336114355584689939e-01,1.638062713126488615e-02,9.826285417613103590e+00,4.876407691689962215e-02,1.260687728389874593e-03
4.059875000000000567e-01,1.771944223195841273e-01,5.484847858531876597e+01,5.330647801969622890e+01,1.542000565622539954e+00,5.624942588884447314e-01,1.197875674766560260e+05,6.419364229692510193e-01,1.636655243728673409e-02,9.890221651687884474e+00,4.978292704873217567e-02,1.269245453087062452e-03
4.132925000000000626e-01,1.762356573146377781e-01,5.445159334470250201e+01,5.283154041352968733e+01,1.620052931172811128e+00,5.702922669015119128e-01,1.199183293197358871e+05,6.501260718688575135e-01,1.635320255558466232e-02,9.954881915953897931e+00,5.080306382330657816e-02,1.277894902381970918e-03
4.205975000000000130e-01,1.752682596079645216e-01,5.405749416213409120e+01,5.236065098171697940e+01,1.696843180417114239e+00,5.779516001656386237e-01,1.200435979140360869e+05,6.581700813303970055e-01,1.634054959530687606e-02,1.002028457069554435e+01,5.182363058633461528e-02,1.286637952447069761e-03
4.279025000000000190e-01,1.742941678353434887e-01,5.367116738092578743e+01,5.189876868474915028e+01,1.772398696176637367e+00,5.854872586280843727e-01,1.201638910625475401e+05,6.660842046464237054e-01,1.632852791121926564e-02,1.008638297011670026e+01,5.284564600410463636e-02,1.295469251102393266e-03
4.352075000000000249e-01,1.733138113170368255e-01,5.328938272212095484e+01,5.144284976429976552e+01,1.846532957821188203e+00,5.928920468114486919e-01,1.202793427310711122e+05,6.738608849596636752e-01,1.631711180686179832e-02,1.015318266203630770e+01,5.386840704458076973e-02,1.304389140581413030e-03
4.425125000000000308e-01,1.723283813769952710e-01,5.291406451450767179e+01,5.099489037582505802e+01,1.919174138682614661e+00,6.001691807725723082e-01,1.203902369708835176e+05,6.815034998476117156e-01,1.630626153651629565e-02,1.022065635857675048e+01,5.489196601641935930e-02,1.313394214875557731e-03
4.498175000000000368e-01,1.713381132003670981e-01,5.254159386033103374e+01,5.055146968671246555e+01,1.990124173618565973e+00,6.073080196490459048e-01,1.204966333072099224e+05,6.890008740297370871e-01,1.629596015017630364e-02,1.028881264277108976e+01,5.591529029621922220e-02,1.322485031293880661e-03
4.571225000000000427e-01,1.703441245789278080e-01,5.217381900450744325e+01,5.011453511865569510e+01,2.059283885851749041e+00,6.143130485221256487e-01,1.205988083246339374e+05,6.963577178424129599e-01,1.628617026292514258e-02,1.035762501436842875e+01,5.693852768905769551e-02,1.331658331205748695e-03
4.644275000000000486e-01,1.693467273622699942e-01,5.180739717434917679e+01,4.968100866078116695e+01,2.126388513568006289e+00,6.211789256540898307e-01,1.206968801485673612e+05,7.035684212687751682e-01,1.627687055808275593e-02,1.042710056507980099e+01,5.796109537819644358e-02,1.340914711854566737e-03
4.717325000000000546e-01,1.683474236583561157e-01,5.144727779405370427e+01,4.925537188052985726e+01,2.191905913523850113e+00,6.279211875106122109e-01,1.207912494849071227e+05,7.106493010654615361e-01,1.626801382138091598e-02,1.049719646170822429e+01,5.898407481493065513e-02,1.350249332395063711e-03
4.790375000000000605e-01,1.673464817180745079e-01,5.109075484781547516e+01,4.883493179140171492e+01,2.255823056413758909e+00,6.345350493318483442e-01,1.208820121282996552e+05,7.175953321666953544e-01,1.625958257935086054e-02,1.056791764774827769e+01,6.000692124929166149e-02,1.359662539107503844e-03
4.863425000000000664e-01,1.663448762629081423e-01,5.074016649977745885e+01,4.842196875636754072e+01,2.318197743409919021e+00,6.410267656818541271e-01,1.209694059239843191e+05,7.244130832607301729e-01,1.625154674218109649e-02,1.063923607644366953e+01,6.102993651985436779e-02,1.369150956744633572e-03
4.936475000000000168e-01,1.653427247426702273e-01,5.039254239865039153e+01,4.801352692484641693e+01,2.379015473803977709e+00,6.473882308653505779e-01,1.210534649941797397e+05,7.310940415583626617e-01,1.624389557360898101e-02,1.071115887089165675e+01,6.205225518538717844e-02,1.378715043539169858e-03
5.009525000000000228e-01,1.643409263965187328e-01,5.005036713245155511e+01,4.761197642008593789e+01,2.438390712365616331e+00,6.536253295821620179e-01,1.211344024014322640e+05,7.376443873078512015e-01,1.623660244169339295e-02,1.078365776554667654e+01,6.307413150809584867e-02,1.388351372657613226e-03
5.082574999999999177e-01,1.633394830031133504e-01,4.971007359050057062e+01,4.721377809701386496e+01,2.496295493486705208e+00,6.597295369910206597e-01,1.212122354531962919e+05,7.440551675231518169e-01,1.622965888511937113e-02,1.085674432217017049e+01,6.409465994081799123e-02,1.398060940373529277e-03
5.155625000000000346e-01,1.623394296946065463e-01,4.937540852549558679e+01,4.682238534989288326e+01,2.553023175602699979e+00,6.657126456595344743e-01,1.212872337369443558e+05,7.503387670323098391e-01,1.622303436166788737e-02,1.093038353596266532e+01,6.511462096910719533e-02,1.407839738318251077e-03
5.228674999999999295e-01,1.613409803047971269e-01,4.904444719876104841e+01,4.643604858600298968e+01,2.608398612758060953e+00,6.715714117600598554e-01,1.213594660494203126e+05,7.564917790922893737e-01,1.621671677435429851e-02,1.100457543364900914e+01,6.613354468256464613e-02,1.417687532160766999e-03
5.301725000000000465e-01,1.603446862638723269e-01,4.871809407992178365e+01,4.605563012770954856e+01,2.662463952212237306e+00,6.773087542800142469e-01,1.214290715944121621e+05,7.625172692913853023e-01,1.621068822234723525e-02,1.107930271230022967e+01,6.715145487982757122e-02,1.427602157450837128e-03
5.374774999999999414e-01,1.593507874648936729e-01,4.839540318963994991e+01,4.567998598169177882e+01,2.715417207948169320e+00,6.829221877514011219e-01,1.214961173608587706e+05,7.684126273334548340e-01,1.620493746839603635e-02,1.115456173933849904e+01,6.816792013826590557e-02,1.437582939031850507e-03
5.447825000000000584e-01,1.583597906097443386e-01,4.807739239516457985e+01,4.531004424479734638e+01,2.767348150367231252e+00,6.884149556797189984e-01,1.215607335081595811e+05,7.741812596232090504e-01,1.619944818926351976e-02,1.123033520300034027e+01,6.918298955909704673e-02,1.447627724140990819e-03
5.520874999999999533e-01,1.573718686693141300e-01,4.776272599666916818e+01,4.494444314795643436e+01,2.818282848712734268e+00,6.937844560254438075e-01,1.216229755120807677e+05,7.798204334383824765e-01,1.619421077317636376e-02,1.130662135988663763e+01,7.019621944695303428e-02,1.457736069048415264e-03
5.593925000000000702e-01,1.563875284606023042e-01,4.745266571670106259e+01,4.458434013503465110e+01,2.868325581666408386e+00,6.990360022019892483e-01,1.216829855883205018e+05,7.853357290489932918e-01,1.618920862556433998e-02,1.138340183952461970e+01,7.120785759896668121e-02,1.467905788324615256e-03
5.666974999999999651e-01,1.554071722738948058e-01,4.714829337379801188e+01,4.423057913954663434e+01,2.917714234251373995e+00,7.041718907778052872e-01,1.217408643485888460e+05,7.907295583644993187e-01,1.618442905235372917e-02,1.146066053039585242e+01,7.221786457938167425e-02,1.478134835398063097e-03
5.740025000000000821e-01,1.544307509583957017e-01,4.684735170605257082e+01,4.388084829344618498e+01,2.966503412606385393e+00,7.091841757361617704e-01,1.217965938520935306e+05,7.959935762938130654e-01,1.617986935734985754e-02,1.153840253315983411e+01,7.322527836145598101e-02,1.488423365249139747e-03
5.813074999999999770e-01,1.534586882172204181e-01,4.655090671626640386e+01,4.353648831572560596e+01,3.014418400540797016e+00,7.140759021401247297e-01,1.218502767591531883e+05,8.011309808328002102e-01,1.617551709755519346e-02,1.161660880655415617e+01,7.423010088140588603e-02,1.498768983708821797e-03
5.886125000000000940e-01,1.524910262573854480e-01,4.625713275141136904e+01,4.319594607818376630e+01,3.061186673227600963e+00,7.188425321065267104e-01,1.219019286245822441e+05,8.061370061912971341e-01,1.617136714210539589e-02,1.169527977841426214e+01,7.523166782627742355e-02,1.509171408566933013e-03
5.959174999999999889e-01,1.515281324550398212e-01,4.596712278068587665e+01,4.286028442934796345e+01,3.106838351337911863e+00,7.234876905917039247e-01,1.219516507290891750e+05,8.110154593825328329e-01,1.616740765500073937e-02,1.177439872886939831e+01,7.623004815312914295e-02,1.519628571556818665e-03
6.032225000000001058e-01,1.505700332359573845e-01,4.567922282151297253e+01,4.252780711938370928e+01,3.151415702129265917e+00,7.280085850450144225e-01,1.219994716540094232e+05,8.157634076050463978e-01,1.616363284593150262e-02,1.185396743255762431e+01,7.722475505549693253e-02,1.530140449666234082e-03
6.105275000000000007e-01,1.496172688690936281e-01,4.539614071951692154e+01,4.220114794687377469e+01,3.194992772643146406e+00,7.324151093971927873e-01,1.220455501076147630e+05,8.203912416943976993e-01,1.616002691259705790e-02,1.193395930543709760e+01,7.821646004493700011e-02,1.540704038628799974e-03
6.178324999999998957e-01,1.486697181052036576e-01,4.511514692274171523e+01,4.187768296045599925e+01,3.237463962285712427e+00,7.367013601252796473e-01,1.220898748296501435e+05,8.248927616338350699e-01,1.615658765587858064e-02,1.201438256238452418e+01,7.920438703276309889e-02,1.551319979205986483e-03
6.251375000000000126e-01,1.477278927637190042e-01,4.483916338050714501e+01,4.156028163810483989e+01,3.278881742402302457e+00,7.408768654871399351e-01,1.221325915969865455e+05,8.292779742207876392e-01,1.615330086034219917e-02,1.209520952093848223e+01,8.018917375092261823e-02,1.561985111877626630e-03
6.324424999999999075e-01,1.467916381374368417e-01,4.456550144532258884e+01,4.124646120444542419e+01,3.319040240877163761e+00,7.449337067126601264e-01,1.221736639080272871e+05,8.335385629791967066e-01,1.615016657950373025e-02,1.217644768907713093e+01,8.116981235029398223e-02,1.572699871256015352e-03
6.397475000000000245e-01,1.458611944325197418e-01,4.429498014808033446e+01,4.093716901484223314e+01,3.357811133238099099e+00,7.488743596414778603e-01,1.222131598784166126e+05,8.376771280932803210e-01,1.614717693427037207e-02,1.225808232256327557e+01,8.214626159531085436e-02,1.583462381845810720e-03
6.470524999999999194e-01,1.449365620714201386e-01,4.402649645069440965e+01,4.063128036826864076e+01,3.395216082425768445e+00,7.526958812917634578e-01,1.222510908666364703e+05,8.416905787752542167e-01,1.614432850417982582e-02,1.234011234858433426e+01,8.311797658449893156e-02,1.594272233075788581e-03
6.543575000000000363e-01,1.440178916278920251e-01,4.376048530487338439e+01,4.032888652261777906e+01,3.431598782255605773e+00,7.564008641916368791e-01,1.222875213685964118e+05,8.455816377582872079e-01,1.614161400116109063e-02,1.242252901636060436e+01,8.408496450055187588e-02,1.605128327842451907e-03
6.616624999999999313e-01,1.431054341829797183e-01,4.349789306725659088e+01,4.003111816731458106e+01,3.466774899942007160e+00,7.599952174786713810e-01,1.223225450791048497e+05,8.493565109557282833e-01,1.613902418416580248e-02,1.250531710919575978e+01,8.504756373044014550e-02,1.616028923243869632e-03
6.689675000000000482e-01,1.421991583900422407e-01,4.323722586755832964e+01,3.973666578287101458e+01,3.500560084687312390e+00,7.634770726615199843e-01,1.223561770153052494e+05,8.530132360346232012e-01,1.613655582033412042e-02,1.258847724558170711e+01,8.600535797875426269e-02,1.626973886505620089e-03
6.762724999999999431e-01,1.412993519820140986e-01,4.298028486888017596e+01,3.944738425924014535e+01,3.532900609640033274e+00,7.668533206618924902e-01,1.223885146476265072e+05,8.565590500007944641e-01,1.613419976936619066e-02,1.267198995734030653e+01,8.695877868304609237e-02,1.637960987010838882e-03
6.835775000000000601e-01,1.404058378316064004e-01,4.272503656215056367e+01,3.916087526980160050e+01,3.564161292348962284e+00,7.701173400234171407e-01,1.224195238424385461e+05,8.599869988471677829e-01,1.613195662537062272e-02,1.275586301449147619e+01,8.790691875705838876e-02,1.648990743301764674e-03
6.908824999999999550e-01,1.395189303913940415e-01,4.247416639680828609e+01,3.887953255536717734e+01,3.594633841441109645e+00,7.732771510157385730e-01,1.224493084351819271e+05,8.633055056469640665e-01,1.612981708085113597e-02,1.284007394108586730e+01,8.885032308742955853e-02,1.660060603807645037e-03
6.981875000000000719e-01,1.386383737624184154e-01,4.222426803875431034e+01,3.860021215330468891e+01,3.624055885449620984e+00,7.763242759871763488e-01,1.224778147649737366e+05,8.665056669737388750e-01,1.612778327572110190e-02,1.292463537607719815e+01,8.978789204776983779e-02,1.671171602128900067e-03
7.054924999999999669e-01,1.377645853764213058e-01,4.197890663224694663e+01,3.832640641128635650e+01,3.652500220960591903e+00,7.792717420714808663e-01,1.225051891425693320e+05,8.696011642255374596e-01,1.612584316629699435e-02,1.300951846411564716e+01,9.072071386611942068e-02,1.682320659083341025e-03
7.127975000000000838e-01,1.368973732712050750e-01,4.173571380656618146e+01,3.805580496605897167e+01,3.679908840507213341e+00,7.821127649505289492e-01,1.225313911096102092e+05,8.725848723540958751e-01,1.612399813131278059e-02,1.309473081256453320e+01,9.164784515310685220e-02,1.693508254390037066e-03
7.201024999999999787e-01,1.360370524098503675e-01,4.149807462524179869e+01,3.779171786200951999e+01,3.706356763232280471e+00,7.848544804225184857e-01,1.225565078470940061e+05,8.754642855402053891e-01,1.612224061439573516e-02,1.318024522025850054e+01,9.256971811201995803e-02,1.704731185108103019e-03
7.274075000000000957e-01,1.351830521385098127e-01,4.126003060781435750e+01,3.752840023213437348e+01,3.731630375679985789e+00,7.874743263896978318e-01,1.225803542611202574e+05,8.782157085454516121e-01,1.612058212925577411e-02,1.326609034542810761e+01,9.348365052924526020e-02,1.715991699346093883e-03
7.347124999999999906e-01,1.343357394970783047e-01,4.102532499415368505e+01,3.726948187877987806e+01,3.755843115373806107e+00,7.899836276102421007e-01,1.226030547957110975e+05,8.808510348935618683e-01,1.611901259274656911e-02,1.335223744906890175e+01,9.439053477437955864e-02,1.727286633486394820e-03
7.420175000000001075e-01,1.334949146739077275e-01,4.079147617843743490e+01,3.701254151550978122e+01,3.778934662927657229e+00,7.923756524369721665e-01,1.226245682857772772e+05,8.833631948525197952e-01,1.611753352609193723e-02,1.343869493758002953e+01,9.528938560797441115e-02,1.738616546587773426e-03
7.493225000000000025e-01,1.326608218671221084e-01,4.056095097378214831e+01,3.675995299238994107e+01,3.800997981392205460e+00,7.946596952905594646e-01,1.226449967107693956e+05,8.857619496385100710e-01,1.611613667847735035e-02,1.352544237722112541e+01,9.618093039707795167e-02,1.749979236266611992e-03
7.566275000000001194e-01,1.318333392740423105e-01,4.033226546396375056e+01,3.651026818717625133e+01,3.821997276787497455e+00,7.968317695839230996e-01,1.226643213129540236e+05,8.880431124453065372e-01,1.611482218867904548e-02,1.361248247742645212e+01,9.706446915277613940e-02,1.761374689263012130e-03
7.639325000000000143e-01,1.310126972855968075e-01,4.010844463412489347e+01,3.626644290257087988e+01,3.842001731554011812e+00,7.988985193999260659e-01,1.226826169088681781e+05,8.902136610428492691e-01,1.611358390050048744e-02,1.369979187180708635e+01,9.794040478790731752e-02,1.772800170186290781e-03
7.712374999999999092e-01,1.301985370100156580e-01,3.988625173481808872e+01,3.602542273956083108e+01,3.860828995257256757e+00,8.008409075789383325e-01,1.226997304711108591e+05,8.922536021645049997e-01,1.611243111498043140e-02,1.378738270042360092e+01,9.880624360815822016e-02,1.784255944727366865e-03
7.785425000000000262e-01,1.293904152826101939e-01,3.966041158578823200e+01,3.578210727255707013e+01,3.878304313231161871e+00,8.026409898944485422e-01,1.227155205209836568e+05,8.941440903673532059e-01,1.611137222641515626e-02,1.387527863868970357e+01,9.965964987284213483e-02,1.795743809474707351e-03
7.858474999999999211e-01,1.285888438426731062e-01,3.943588086101289747e+01,3.554118387278507640e+01,3.894696988227823731e+00,8.043267163931518970e-01,1.227302470366777125e+05,8.959144794387683408e-01,1.611038878550676012e-02,1.396344706499905008e+01,1.005035602059164562e-01,1.807261146464773796e-03
7.931525000000000380e-01,1.277944321595745059e-01,3.922041893739469742e+01,3.531016056579154849e+01,3.910258371603150707e+00,8.059241191045568575e-01,1.227441483487436490e+05,8.975921088199854125e-01,1.610946412537807987e-02,1.405183981802747262e+01,1.013406423275597379e-01,1.818803247016966256e-03
8.004574999999999330e-01,1.270057445767724114e-01,3.899623355285761050e+01,3.507180787898504093e+01,3.924425673872572684e+00,8.073757808261031732e-01,1.227567363652242930e+05,8.991166776330132837e-01,1.610862991345811401e-02,1.414054977597983687e+01,1.021641018654463606e-01,1.830378357260364431e-03
8.077625000000000499e-01,1.262243569229885287e-01,3.878243635608644269e+01,3.484452819862851669e+01,3.937908157457924663e+00,8.087546914335481674e-01,1.227686540536757529e+05,9.005648415384610583e-01,1.610784284579330761e-02,1.422946769220704866e+01,1.029821076319023671e-01,1.841976867350767540e-03
8.150674999999999448e-01,1.254498548785286938e-01,3.857583123100472733e+01,3.462535983717461363e+01,3.950471393830116362e+00,8.100367823636877018e-01,1.227797006111757219e+05,9.019113231729521951e-01,1.610711568317460540e-02,1.431860580214142686e+01,1.037914984071246494e-01,1.853598717324236389e-03
8.223725000000000618e-01,1.246812628175651416e-01,3.836676026740371981e+01,3.440521704070874165e+01,3.961543226694975939e+00,8.111644868852172507e-01,1.227893897389209742e+05,9.030956646199412852e-01,1.610647976360856867e-02,1.440800912089683372e+01,1.045849546742061431e-01,1.865245867110793291e-03
8.296774999999999567e-01,1.239292729664208670e-01,3.814755683612251147e+01,3.417752926009254111e+01,3.970027576029970362e+00,8.121102599624330232e-01,1.228086379648328875e+05,9.040069140172357631e-01,1.610468716553703841e-02,1.449770768777386287e+01,1.053587586860438297e-01,1.876943442000813828e-03
8.369825000000000736e-01,1.232319343248467203e-01,3.790985009891514323e+01,3.393648713082784241e+01,3.973362968087301272e+00,8.128994113917333841e-01,1.228758790956506564e+05,9.043901854524124539e-01,1.609740044878145426e-02,1.458772939837650462e+01,1.061159867008831803e-01,1.888777166558012512e-03
8.442874999999999686e-01,1.225436367692207679e-01,3.769665886136603916e+01,3.371988383831396163e+01,3.976775023052079749e+00,8.137061032226430290e-01,1.229445559084185079e+05,9.047819758291368863e-01,1.608996771488285446e-02,1.467786414995589794e+01,1.068776131197664292e-01,1.900631743868348060e-03
8.515925000000000855e-01,1.218548131657141015e-01,3.747945016924109751e+01,3.349959750558406313e+01,3.979852663657031275e+00,8.144332161629400657e-01,1.230064069150966970e+05,9.051351166964229922e-01,1.608328198173884435e-02,1.476826139580186847e+01,1.076319373265649110e-01,1.912504295029554373e-03
8.588974999999999804e-01,1.211717897557230278e-01,3.728087151610647965e+01,3.329801110593874824e+01,3.982860410167734067e+00,8.151433470255216029e-01,1.230667667940261745e+05,9.054800097863414665e-01,1.607676496709090769e-02,1.485879511911365114e+01,1.083861754101580616e-01,1.924392641381626442e-03
8.662025000000000974e-01,1.204831595702127028e-01,3.707400271982430695e+01,3.308872572597762485e+01,3.985276993846680327e+00,8.157135699618109914e-01,1.231152014693092642e+05,9.057569530383560164e-01,1.607154088530869315e-02,1.494960294800654310e+01,1.091248486458222255e-01,1.936285954782161582e-03
8.735074999999999923e-01,1.197895888270253673e-01,3.685454642434289241e+01,3.286741154752598248e+01,3.987134876816908591e+00,8.161517592003146859e-01,1.231524010956719430e+05,9.059697707715371751e-01,1.606753184386948072e-02,1.504070299991880511e+01,1.098488122989961513e-01,1.948187838676186971e-03
8.808125000000001092e-01,1.191062811317537690e-01,3.666177880145123424e+01,3.267265125739068310e+01,3.989127544060551145e+00,8.166215441931624630e-01,1.231922636035886098e+05,9.061979337853113270e-01,1.606323894933288712e-02,1.513188724721258183e+01,1.105783840073070318e-01,1.960109308041389515e-03
8.881175000000000042e-01,1.184227608657913711e-01,3.647462229087000196e+01,3.248386062878319080e+01,3.990761662086809380e+00,8.170066497337235001e-01,1.232249258655596350e+05,9.063849700723216607e-01,1.605972387798239656e-02,1.522326157769814792e+01,1.112985765888898221e-01,1.972036680934179196e-03
8.954225000000001211e-01,1.177295218078130701e-01,3.626876674895831343e+01,3.227718280900956671e+01,3.991583939948743165e+00,8.172003817826362093e-01,1.232413519198325521e+05,9.064790609624470141e-01,1.605795694675135957e-02,1.531494353243430595e+01,1.119954217857394296e-01,1.983959408129303340e-03
9.027275000000000160e-01,1.170374405174777338e-01,3.606975112294559693e+01,3.207764857281561888e+01,3.992102550129978500e+00,8.173225510833812546e-01,1.232517085951748741e+05,9.065383955863133281e-01,1.605684317338518241e-02,1.540680049712922894e+01,1.126839986552562733e-01,1.995888208780369644e-03
9.100325000000001330e-01,1.163467877750354595e-01,3.587415726896571755e+01,3.188182001626504203e+01,3.992337252700672856e+00,8.173778356867625883e-01,1.232563947990968009e+05,9.065652459581107214e-01,1.605633928318906528e-02,1.549884694193257317e+01,1.133648859536759423e-01,2.007825779542801812e-03
9.173375000000000279e-01,1.156585859788670373e-01,3.568525296749132281e+01,3.169291821056106429e+01,3.992334756930259410e+00,8.173772478181224876e-01,1.232563449698236800e+05,9.065649604447744148e-01,1.605634464091197297e-02,1.559106322844034942e+01,1.140393114543928055e-01,2.019771960330000483e-03
9.246424999999999228e-01,1.149700933700572580e-01,3.549533177445767507e+01,3.150336924327315558e+01,3.991962531184519936e+00,8.172895680640136495e-01,1.232489126546300540e+05,9.065223765452267157e-01,1.605714383180171373e-02,1.568348375897591751e+01,1.147030069426137194e-01,2.031723350764757987e-03
9.319475000000000398e-01,1.142841996883167816e-01,3.531430100939131478e+01,3.132294618559509303e+01,3.991354823796225304e+00,8.171464044748996125e-01,1.232367756620582222e+05,9.064528455119831296e-01,1.605844915426040895e-02,1.577605682021700240e+01,1.153598399578690537e-01,2.043680632234904596e-03
9.392524999999999347e-01,1.135964643838973803e-01,3.512924905200350878e+01,3.113895406599862881e+01,3.990294986004877309e+00,8.168966838638588301e-01,1.232156006180373952e+05,9.063315623546155386e-01,1.606072722798802116e-02,1.586884104904780024e+01,1.160028480810910839e-01,2.055638552253326659e-03
9.465575000000000516e-01,1.129138774231741721e-01,3.497066984105249077e+01,3.098156465792645164e+01,3.989105183126038234e+00,8.166162735582568333e-01,1.231918164875186776e+05,9.061953739676013031e-01,1.606328708245877493e-02,1.596168970850078495e+01,1.166415288051613902e-01,2.067596477270452430e-03
9.538624999999999465e-01,1.122135451808480983e-01,3.477364923790925388e+01,3.078700167383897934e+01,3.986647564070273209e+00,8.160368413984492308e-01,1.231426469574399962e+05,9.059139580222813626e-01,1.606858278450873367e-02,1.605489713460037038e+01,1.172394041350551946e-01,2.079525383473863377e-03
9.611675000000000635e-01,1.115152327722900849e-01,3.458471989008442904e+01,3.060080650055942897e+01,3.983913389525000515e+00,8.153918470668430896e-01,1.230878780028975452e+05,9.056007001430239622e-01,1.607448735973085810e-02,1.614824818470771106e+01,1.178278869011603752e-01,2.091454741937999288e-03
9.684724999999999584e-01,1.108241825911320949e-01,3.441940986871873065e+01,3.043824238137614913e+01,3.981167487342579747e+00,8.147437037496295664e-01,1.230328034742001473e+05,9.052859128789257914e-01,1.608043104806043330e-02,1.624167102110056859e+01,1.184153577662859780e-01,2.103390728280155920e-03
9.757775000000000754e-01,1.101210947195911394e-01,3.421295811548303334e+01,3.023550637960909881e+01,3.977451735873930971e+00,8.138660229006873248e-01,1.229581634290129150e+05,9.048596448825547700e-01,1.608849615004774927e-02,1.633545267187058769e+01,1.189708051440124259e-01,2.115312967433704595e-03
9.830824999999999703e-01,1.094394919784555525e-01,3.406461555153897081e+01,3.009015375441181916e+01,3.974461797127153861e+00,8.131592668179411509e-01,1.228980080942854111e+05,9.045163908401788744e-01,1.609500442338921214e-02,1.642915026299055370e+01,1.195492969173412717e-01,2.127265445030127912e-03
9.903875000000000872e-01,1.087436868597065759e-01,3.385978139004605225e+01,2.988937940721728381e+01,3.970401982828765775e+00,8.121988732696330260e-01,1.228161912698044907e+05,9.040499513205533244e-01,1.610386817453139663e-02,1.652326613309833192e+01,1.200921415725919039e-01,2.139204823646356432e-03
9.976924999999999821e-01,1.081089969894812736e-01,3.375673887212939661e+01,2.979127656480935471e+01,3.965462307320040125e+00,8.115631978262545232e-01,1.227928093465248239e+05,9.035144000988039048e-01,1.610625574929106657e-02,1.661710727844833357e+01,1.206796598376071034e-01,2.151263405286508393e-03
1.004997500000000210e+00,1.074897497106722527e-01,3.356048241501726181e+01,2.960644891680388469e+01,3.954033498213374020e+00,8.103998105720282563e-01,1.227828224904320086e+05,9.022925838182327407e-01,1.610691059418467574e-02,1.671147898167141577e+01,1.211910440433917602e-01,2.163392835351113461e-03
1.012302500000000105e+00,1.068777916131732758e-01,3.341096297937350101e+01,2.946809991027062381e+01,3.942863069102874096e+00,8.092606734353510189e-01,1.227730175625396660e+05,9.010962355736225060e-01,1.610755533533150125e-02,1.680582298557306231e+01,1.217039096601273962e-01,2.175519530529124428e-03
1.019607500000000222e+00,1.062688562106137713e-01,3.322959590465407587e+01,2.930058162761822160e+01,3.929014277035855152e+00,8.078453816249766550e-01,1.227607993530606036e+05,8.996098632849520715e-01,1.610836128775600812e-02,1.690044062369327804e+01,1.221750662057411868e-01,2.187659547896942443e-03
1.026912500000000117e+00,1.056657158570444427e-01,3.306784850839648016e+01,2.915326927200247908e+01,3.914579236394001072e+00,8.063671355654099537e-01,1.227479944765408291e+05,8.980573749834789288e-01,1.610920892871403262e-02,1.699513550470184242e+01,1.226348092442169219e-01,2.199803508193921581e-03
1.034217500000000234e+00,1.050667424327484945e-01,3.289596682757220236e+01,2.899755379498229146e+01,3.898413032589912230e+00,8.047084366540028233e-01,1.227335736687409080e+05,8.963153709111798539e-01,1.611016718573075185e-02,1.709001479629016629e+01,1.230657781888445934e-01,2.211956110324041300e-03
1.041522500000000129e+00,1.044729059441242836e-01,3.273512822387826304e+01,2.885387447153299334e+01,3.881253752345271923e+00,8.029445053542166866e-01,1.227181763368196116e+05,8.944628493436118655e-01,1.611119457527612070e-02,1.718500029823900022e+01,1.234785109204846743e-01,2.224112848024003327e-03
1.048827500000000246e+00,1.038830643789938057e-01,3.256620435084322907e+01,2.870398696930050164e+01,3.862217381542725647e+00,8.009840264207994665e-01,1.227009883360041858e+05,8.924039088920433516e-01,1.611234659466916422e-02,1.728015504824414350e+01,1.238590655498481991e-01,2.236274598470435436e-03
1.056132500000000141e+00,1.032974062152565153e-01,3.239289013960713248e+01,2.855137096230413363e+01,3.841519177303001520e+00,7.988486975719788497e-01,1.226821769180307892e+05,8.901613370034613393e-01,1.611361360893883918e-02,1.737546288984845333e+01,1.242101892953164644e-01,2.248440718999794152e-03
1.063437500000000036e+00,1.027162774317525729e-01,3.222104417857412528e+01,2.840149837436003821e+01,3.819545804214087958e+00,7.965783194780382548e-01,1.226620715253121016e+05,8.877769332650227163e-01,1.611497487717405974e-02,1.747090287230921390e+01,1.245374991297350936e-01,2.260611415483414210e-03
1.070742500000000152e+00,1.021396467090725374e-01,3.205064544019796813e+01,2.825430444957310172e+01,3.796340990624869072e+00,7.941777358210695414e-01,1.226406952924416546e+05,8.852557846240156625e-01,1.611643017969615135e-02,1.756647325439641349e+01,1.248413900118755387e-01,2.272786668676941672e-03
1.078047500000000047e+00,1.015671738152696402e-01,3.187427827152334459e+01,2.810256494005202654e+01,3.771713331471318487e+00,7.916277492327001841e-01,1.226178549234714446e+05,8.825777295588688176e-01,1.611799419331141209e-02,1.766219488191264375e+01,1.251186329589328294e-01,2.284967467415149715e-03
1.085352500000000164e+00,1.009993230037275203e-01,3.169793464465916344e+01,2.795172101016486366e+01,3.746213634494298006e+00,7.889857775702906473e-01,1.225940439761298330e+05,8.798030696352592273e-01,1.611963452431241367e-02,1.775804837132013247e+01,1.253778211258195496e-01,2.297155720132566803e-03
1.092657500000000059e+00,1.004373093361857483e-01,3.155331825398010537e+01,2.783249809228971472e+01,3.720820161690390648e+00,7.863537833805235300e-01,1.225701731439460127e+05,8.770388882848585421e-01,1.612128899797670920e-02,1.785393938714238260e+01,1.256343350985875407e-01,2.309347340519684287e-03
1.099962500000000176e+00,9.987765172120142976e-02,3.137256433110358245e+01,2.768004755872453160e+01,3.692516772379049961e+00,7.834197612592320725e-01,1.225433850895916403e+05,8.739575101948653391e-01,1.612315750394449632e-02,1.795005882662496433e+01,1.258394198225153970e-01,2.321541679470232999e-03
1.107267500000000071e+00,9.932290640974354712e-02,3.120697076605269871e+01,2.754332720795849454e+01,3.663643558094202390e+00,7.804267267405291530e-01,1.225158629062609252e+05,8.708141559162465573e-01,1.612509014285930242e-02,1.804626081846878805e+01,1.260305039277898609e-01,2.333739320587082094e-03
1.114572500000000188e+00,9.877262289156081565e-02,3.105045440942709689e+01,2.741661661382025628e+01,3.633837795606840615e+00,7.773377554708934545e-01,1.224872494186251133e+05,8.675700466364282271e-01,1.612711317430570723e-02,1.814256224583455790e+01,1.262015511156835135e-01,2.345939334243142722e-03
1.121877500000000083e+00,9.822558377969216326e-02,3.088029848040944358e+01,2.727828639138119726e+01,3.602012089028248099e+00,7.740410909661754602e-01,1.224564750446090475e+05,8.641078131034293230e-01,1.612930448764452254e-02,1.823901839993976637e+01,1.263344479131135456e-01,2.358139513113249354e-03
1.129182500000000200e+00,9.768285911947958977e-02,3.072286613788964260e+01,2.715366952663355349e+01,3.569196611256087781e+00,7.706409566655980647e-01,1.224244753678041889e+05,8.605369131907112390e-01,1.613159991413993036e-02,1.833556153838873470e+01,1.264452764950645403e-01,2.370339470840494150e-03
1.136487500000000095e+00,9.714304013739369359e-02,3.054836696680073160e+01,2.701397066743251330e+01,3.534396299368217420e+00,7.670099551064845089e-01,1.223900083917668526e+05,8.567235511278316062e-01,1.613409135169896827e-02,1.843226051232360874e+01,1.265132200321632538e-01,2.382537338339086024e-03
1.143792500000000212e+00,9.660724941163509327e-02,3.037843447722624290e+01,2.687986327408327014e+01,3.498571203142974539e+00,7.632707536944733917e-01,1.223541921780441480e+05,8.527965550696112729e-01,1.613670098635535885e-02,1.852906321695976644e+01,1.265576476178453258e-01,2.394736358871663029e-03
1.151097500000000107e+00,9.607569927208439720e-02,3.021924047360057841e+01,2.675777276013166173e+01,3.461467713468916685e+00,7.594516709055370018e-01,1.223172687040071032e+05,8.487856657363986868e-01,1.613941308920220641e-02,1.862595489491877032e+01,1.265828873962773493e-01,2.406936865433539647e-03
1.158402500000000002e+00,9.554735962691923712e-02,3.005252366960769095e+01,2.663022985809391230e+01,3.422293811513777761e+00,7.554532684432119227e-01,1.222782357592844637e+05,8.445864507226552576e-01,1.614230389785470399e-02,1.872297252528497680e+01,1.265723121084958713e-01,2.419135099031312006e-03
1.165707500000000119e+00,9.502226038926071816e-02,2.987647032639704392e+01,2.649501864352255609e+01,3.381451682874488274e+00,7.512910802556651557e-01,1.222371894594862679e+05,8.402152241410747457e-01,1.614536982548480520e-02,1.882011724901461847e+01,1.265280649999762363e-01,2.431332287290948867e-03
1.173012500000000014e+00,9.450192457360015452e-02,2.972983218890640345e+01,2.638919352836674292e+01,3.340638660539659632e+00,7.471251897617273707e-01,1.221956767526453332e+05,8.358401093114427027e-01,1.614849735450103047e-02,1.891731580026059589e+01,1.264763145512764475e-01,2.443532450986158136e-03
1.180317500000000130e+00,9.398378633056769793e-02,2.956035893795429814e+01,2.626346537155838234e+01,3.296893566395916686e+00,7.426942056246129686e-01,1.221510427928259596e+05,8.311865869885771696e-01,1.615188965400436022e-02,1.901466014332952525e+01,1.263731794407036424e-01,2.455724961764799152e-03
1.187622500000000025e+00,9.346895209046444941e-02,2.939297117500919043e+01,2.614141134885581153e+01,3.251559826153379351e+00,7.381227238296077520e-01,1.221044667345778871e+05,8.263855107663806709e-01,1.615546182152182916e-02,1.911210416265187817e+01,1.262389542919573893e-01,2.467914284413330432e-03
1.194927500000000142e+00,9.295761219354353733e-02,2.923260569943563070e+01,2.602744876134622487e+01,3.205156938089404495e+00,7.334415094155626313e-01,1.220562084903862851e+05,8.214691908022869749e-01,1.615919725271755536e-02,1.920964069619655845e+01,1.260785008362459159e-01,2.480101977226996553e-03
1.202232500000000037e+00,9.244938461854272649e-02,2.907660970065149542e+01,2.591919867557625778e+01,3.157411025075237188e+00,7.286154987608732814e-01,1.220058490923138161e+05,8.164008024675433184e-01,1.616313192692763953e-02,1.930727369993268283e+01,1.258854878455450133e-01,2.492285335319817819e-03
1.209537500000000154e+00,9.194357450879850346e-02,2.891294196249923942e+01,2.580522256208630338e+01,3.107719400412936483e+00,7.235772009782005521e-01,1.219526029808559979e+05,8.111094652667337757e-01,1.616733216762505573e-02,1.940501651302656327e+01,1.256478900113536801e-01,2.504459953881501243e-03
1.216842500000000049e+00,9.144082209017029284e-02,2.876508311025078868e+01,2.570821428352356364e+01,3.056868826727225485e+00,7.184027081967133688e-01,1.218971895123285794e+05,8.056750929189602228e-01,1.617174635107042693e-02,1.950284174836912854e+01,1.253782392698616077e-01,2.516628726935172134e-03
1.224147500000000166e+00,9.093913348313240053e-02,2.858692917025497238e+01,2.558420742525245473e+01,3.002721745002518539e+00,7.128831076003375733e-01,1.218372503364065778e+05,7.998782803387953777e-01,1.617656955468828317e-02,1.960079125618946705e+01,1.250397902147835361e-01,2.528778331943628589e-03
1.231452500000000061e+00,9.044068552864061028e-02,2.842861381519274033e+01,2.548076503211362365e+01,2.947848783079116686e+00,7.072739392711243633e-01,1.217754418776218517e+05,7.939874016479719909e-01,1.618159503449176015e-02,1.969881922340605840e+01,1.246763730320741975e-01,2.540925176629856876e-03
1.238757500000000178e+00,8.994444144389916740e-02,2.827235914210728751e+01,2.538069681776911324e+01,2.891662324338172940e+00,7.014703498313622498e-01,1.217105181943411881e+05,7.878923373970159183e-01,1.618692946171737534e-02,1.979694189655774039e+01,1.242692668513701998e-01,2.553061835108134687e-03
1.246062500000000073e+00,8.944969965177715365e-02,2.810827997984267412e+01,2.527458949670950616e+01,2.833690483133166627e+00,6.954043537564827959e-01,1.216415766241311358e+05,7.815216876110184785e-01,1.619265525324167440e-02,1.989516200656892764e+01,1.238058580129921260e-01,2.565182270583358289e-03
1.253367500000000190e+00,8.895672467096088498e-02,2.794506254033895232e+01,2.517103561077015428e+01,2.774026929568799815e+00,6.891201639736244111e-01,1.215689597938373336e+05,7.749218857316327869e-01,1.619875313695219587e-02,1.999347310012227652e+01,1.232933092573596096e-01,2.577289294407063801e-03
1.260672500000000085e+00,8.846537472145127312e-02,2.778355804124149486e+01,2.507102542222455099e+01,2.712532619016943425e+00,6.826166663925858913e-01,1.214924947562629386e+05,7.680917617154874311e-01,1.620524676784095702e-02,2.009187440714169526e+01,1.227308243565122248e-01,2.589382406961080602e-03
1.267977500000000202e+00,8.797511125322680925e-02,2.761235134331975516e+01,2.496365439282848087e+01,2.648696950491273405e+00,6.758481059366927557e-01,1.214114555726281542e+05,7.609832625197139322e-01,1.621220838658726099e-02,2.019036486256673513e+01,1.221095349350070636e-01,2.601456988423982240e-03
1.275282500000000097e+00,8.748668991469497891e-02,2.745296615757445835e+01,2.486959702990371568e+01,2.583369127670744447e+00,6.689184078038549197e-01,1.213269034596210113e+05,7.537055327978284813e-01,1.621955708028270313e-02,2.028894451653165021e+01,1.214475927184357346e-01,2.613522226707567283e-03
1.282587500000000214e+00,8.699905902581202277e-02,2.728405132982335246e+01,2.476885784052484496e+01,2.515193489298507057e+00,6.617242113422596717e-01,1.212373790652658208e+05,7.461500207957214581e-01,1.622743067497357458e-02,2.038760965447446694e+01,1.207256754413458949e-01,2.625567880872776722e-03
1.289892500000000108e+00,8.651290473505848788e-02,2.713364044685848597e+01,2.468821573024572658e+01,2.445424716612759397e+00,6.543657772914490689e-01,1.211439156680401939e+05,7.384220226677299381e-01,1.623575005177264191e-02,2.048637127202142239e+01,1.199615106657534597e-01,2.637604301082212971e-03
1.297197500000000225e+00,8.602619843907555186e-02,2.696561832386010948e+01,2.459380872883536995e+01,2.371809595024740869e+00,6.466329926924149207e-01,1.210435658915768145e+05,7.303008729104774055e-01,1.624479257268608701e-02,2.058521010024535158e+01,1.191158275807808892e-01,2.649609199372853548e-03
1.304502500000000120e+00,8.553935686298672070e-02,2.679707382407035610e+01,2.450214377778754482e+01,2.294930046282809943e+00,6.386010781869628783e-01,1.209369436310328892e+05,7.218655699868228304e-01,1.625452208131853912e-02,2.068413359894688242e+01,1.182015824066991877e-01,2.661590067679162324e-03
1.311807500000000015e+00,8.505193885716194613e-02,2.662652908764017212e+01,2.441207818490078552e+01,2.214450902739387050e+00,6.302493525531456253e-01,1.208234007721452508e+05,7.130943939977507640e-01,1.626501732301519065e-02,2.078314000889630719e+01,1.172141062641879478e-01,2.673544323074251734e-03
1.319112500000000132e+00,8.456267064163633385e-02,2.640804620580110651e+01,2.427898263882806162e+01,2.129063566973043553e+00,6.214540726095917345e-01,1.207007684565525851e+05,7.038573869838113950e-01,1.627650383856218963e-02,2.088217211117629191e+01,1.161290887831610413e-01,2.685452471341789014e-03
1.326417500000000027e+00,8.407705443891831665e-02,2.626341625941357449e+01,2.421845694475798183e+01,2.044959314655591776e+00,6.128559703497284961e-01,1.205777336711818207e+05,6.948274605470605714e-01,1.628818116309074110e-02,2.098137542260079869e+01,1.150664421636735379e-01,2.697393471292254975e-03
1.333722500000000144e+00,8.359008128608559629e-02,2.611122700523749884e+01,2.415457918013087024e+01,1.956647825106628602e+00,6.039351940542511121e-01,1.204466551999358635e+05,6.854586543532906751e-01,1.630078563469547492e-02,2.108066577354060556e+01,1.139281303594224526e-01,2.709307146326310218e-03
1.341027500000000039e+00,8.310003987102689005e-02,2.594487092669590211e+01,2.408171246948417732e+01,1.863158457211724572e+00,5.945553015323082890e-01,1.203049097975102777e+05,6.756076736487273138e-01,1.631460012089205186e-02,2.118002389733180379e+01,1.126873097216142261e-01,2.721177494741012885e-03
1.348332500000000156e+00,8.260628137389287862e-02,2.575862806902334512e+01,2.399418363703994928e+01,1.764444431983397399e+00,5.846936026619508064e-01,1.201513566272075550e+05,6.652506887409745939e-01,1.632977457463224286e-02,2.127942716002213430e+01,1.113382994382673130e-01,2.732998795973776845e-03
1.355637500000000051e+00,8.211000816853074313e-02,2.558801584799173412e+01,2.392543604334827378e+01,1.662579804643461445e+00,5.745347954217870923e-01,1.199880963605055586e+05,6.545816737314611444e-01,1.634613895805554426e-02,2.137895110363630380e+01,1.099155250649720278e-01,2.744797965573283864e-03
1.362942500000000168e+00,8.160926326973882983e-02,2.540969544811968461e+01,2.385333253125801534e+01,1.556362916861667500e+00,5.639307303944004479e-01,1.198119052307157253e+05,6.434450386655099496e-01,1.636405690523045492e-02,2.147854426441485742e+01,1.083894252704794975e-01,2.756553577178781026e-03
1.370247500000000063e+00,8.110325257082226513e-02,2.521981063814332913e+01,2.377381776660236667e+01,1.445992871540963565e+00,5.528648940755903629e-01,1.196214188158058096e+05,6.318234406779591472e-01,1.638371841899944822e-02,2.157818955222569812e+01,1.067555166488651924e-01,2.768261213248192701e-03
1.377552500000000180e+00,8.059286168595623800e-02,2.506864033610675691e+01,2.373490442921183785e+01,1.333735906894918166e+00,5.415200291714277192e-01,1.194187146147538442e+05,6.199088003976634953e-01,1.640495932442602445e-02,2.167804639599104988e+01,1.050487707773574003e-01,2.779958617425682104e-03
1.384857500000000075e+00,8.007213312851259313e-02,2.487124715686663734e+01,2.365598103315350897e+01,1.215266123713128810e+00,5.293964538107190920e-01,1.191933036533355917e+05,6.071763403327669062e-01,1.642894996423397216e-02,2.177783910976335946e+01,1.031696891001585431e-01,2.791560783022509033e-03
1.392162500000000191e+00,7.954283335148679135e-02,2.468111238193866086e+01,2.358677562995361043e+01,1.094336751985051093e+00,5.167840731480158878e-01,1.189485475446139171e+05,5.939305256012817891e-01,1.645542318694764861e-02,2.187773778296236671e+01,1.011737488211958830e-01,2.803117166906450835e-03
1.399467500000000086e+00,7.900386610192672299e-02,2.450269113390052667e+01,2.353186875953310064e+01,9.708223743674272432e-01,5.036966990159281732e-01,1.186827587384205108e+05,5.801858617101977034e-01,1.648464973584539556e-02,2.197776951956971558e+01,9.906244170203107324e-02,2.814631932984387828e-03
1.406772500000000203e+00,7.845217673583376738e-02,2.432229477781535820e+01,2.347924199820797497e+01,8.430527796073830071e-01,4.900047037751754653e-01,1.183908689883623592e+05,5.658062107058714485e-01,1.651729508679478445e-02,2.207788853497302028e+01,9.680863450227575329e-02,2.826085597450226326e-03
1.414077500000000098e+00,7.788506619052275315e-02,2.413940746362795409e+01,2.342931268736005990e+01,7.100947762678934128e-01,4.756519246668401979e-01,1.180685287881024706e+05,5.507325891561242193e-01,1.655398315966683659e-02,2.217809729973788535e+01,9.439953431114972426e-02,2.837472000089258633e-03
1.421382500000000215e+00,7.729977649916169868e-02,2.396988093186589452e+01,2.339776091545054726e+01,5.721200164153457113e-01,4.606293613826625277e-01,1.177116896106866188e+05,5.349555447284485288e-01,1.659534110274542978e-02,2.227848639411035592e+01,9.183190797278754924e-02,2.848800899330677927e-03
1.428687500000000110e+00,7.668981638030390735e-02,2.378870821884335385e+01,2.336167603837992601e+01,4.270321804634282237e-01,4.446930140795231634e-01,1.173093943968363455e+05,5.182188231277270463e-01,1.664285854694155797e-02,2.237893531410897197e+01,8.905453429588962300e-02,2.860031228323297627e-03
1.435992500000000227e+00,7.604993236012198843e-02,2.362312937615276809e+01,2.334833005666792616e+01,2.747993194848410425e-01,4.278142800214831953e-01,1.168539701282486931e+05,5.004923850972017307e-01,1.669773398510048315e-02,2.247962003280782639e+01,8.605984349657332111e-02,2.871181293250001099e-03
1.443297500000000122e+00,7.516504934771925384e-02,2.338019689660322697e+01,2.325861815902462482e+01,1.215787375786026581e-01,4.094349039973315119e-01,1.160092657301378495e+05,4.824783771940035493e-01,1.679021508385611372e-02,2.257985024104046090e+01,8.272984855477338861e-02,2.878993166839791812e-03
1.450602500000000239e+00,7.391356287148165283e-02,2.321677573680747031e+01,2.323097305537660517e+01,-1.419731856913344567e-02,3.903668825350086191e-01,1.145866551547401759e+05,4.657196834855730216e-01,1.694057964670532546e-02,2.268058391162552923e+01,7.922887817446259973e-02,2.881954893957525132e-03
1.457907500000000134e+00,7.254557884366136244e-02,2.308018861333740901e+01,2.322901475149431150e+01,-1.488261381569038477e-01,3.702072836356141705e-01,1.129668582505570666e+05,4.480016132648461658e-01,1.712119094640672870e-02,2.278161071355286893e+01,7.547197142346905030e-02,2.884297724792054575e-03
1.465212500000000251e+00,7.090667198602042254e-02,2.293092077198152978e+01,2.320382828843574430e+01,-2.729075164542154042e-01,3.484436136458364808e-01,1.109039459119280800e+05,4.295079236503721587e-01,1.736736901548821196e-02,2.288253958684446587e+01,7.134984605532757040e-02,2.885066927542527526e-03
1.472517500000000146e+00,6.825541411983229723e-02,2.289313239139996625e+01,2.322293654034100996e+01,-3.298041489410453164e-01,3.251959098556442829e-01,1.072303645379506488e+05,4.145844051009451858e-01,1.785263156785521152e-02,2.298396769574932819e+01,6.688463881596735938e-02,2.880153714512718836e-03
1.479822500000000041e+00,6.522385993597283604e-02,2.290955674407813447e+01,2.327385325700142715e+01,-3.642965129232916821e-01,2.999090306901994185e-01,1.029220326020732755e+05,3.983518681722081345e-01,1.847560295957889273e-02,2.308586671267929802e+01,6.195723614818885588e-02,2.873583349311549170e-03
1.487127500000000158e+00,6.163887926685690521e-02,2.294211626752540667e+01,2.333921760657440103e+01,-3.971013390489930295e-01,2.717721955575636006e-01,9.769581602846746682e+04,3.802898442917589938e-01,1.931819350689522458e-02,2.318812096353291707e+01,5.639321948476816448e-02,2.864696869600768039e-03
1.494432500000000053e+00,5.629748651571253593e-02,2.310722957682581935e+01,2.338752409353530481e+01,-2.802945167094839096e-01,2.397542762657088600e-01,8.962327062664189725e+04,3.657052903411387446e-01,2.076378861038180243e-02,2.329035504812138413e+01,4.996878390782651114e-02,2.837096682993330184e-03
1.501737500000000169e+00,4.939019070481930757e-02,2.350239637853454866e+01,2.356295108201321042e+01,-6.055470347866297870e-02,2.030288252407621841e-01,7.897903681940404931e+04,3.514240975333633998e-01,2.312606890581703212e-02,2.339459095376879461e+01,4.250396710663226912e-02,2.797046870086191111e-03
1.509042500000000064e+00,3.902339011240296002e-02,2.399052639297611123e+01,2.354463350484368078e+01,4.458928881324287774e-01,1.570655146074189934e-01,6.267256503465591959e+04,3.426013275069910713e-01,2.743237133412329554e-02,2.349615509610976360e+01,3.302432508954682155e-02,2.644284993019376147e-03
1.516347500000000181e+00,2.324481622410420195e-02,2.523103007387843277e+01,2.286422766943868368e+01,2.366802404439750429e+00,9.588864135719492310e-02,3.747843952400543640e+04,3.497609619175103268e-01,3.871557721618707620e-02,2.358846656174542744e+01,2.024059072646909596e-02,2.240462025480903334e-03
