RHO   : 1.225
NU    : 1.463e-05
B     : 2
U_inf : 7.9
RPM   : 140
power : 214.02484297274958
R_out : 1.47
R_in  : 0.059
N     : 200
M     : 200
dt    : 0.05
thrust: 23.99041799066547
eta   : 0.8855247806460868
optsucess:Optimization terminated successfully
îºåar[m],óÉå∑í∑chord[m],éÊïtäptheta[deg],ó¨ì¸äpphi[deg],å}äpalpha[deg],èzä¬gamma,Re,ógóÕåWêîCL,çRóÕåWêîCD,ó¨ì¸ë¨ìxV,ã«èäógóÕdL,ã«èäçRóÕdD
6.252749999999999975e-02,7.579286830992319410e-03,nan,8.070938966368485978e+01,nan,1.119192259323355428e-02,4.127920788271559104e+03,3.706457395437749991e-01,9.177912559514196655e-02,7.967963540509805931e+00,7.706996162922743901e-04,1.908402804437533799e-04
6.958250000000000546e-02,1.404689838645195935e-02,nan,7.996883960174854167e+01,nan,2.064639795130676289e-02,7.662826290925381727e+03,3.683332990351851355e-01,6.599764399695512429e-02,7.980918317481683566e+00,1.424066488667597146e-03,2.551630096797196279e-04
7.663749999999999729e-02,2.099106425686502256e-02,8.266955214521151163e+01,7.921276621001479157e+01,3.456785935196721393e+00,3.070243552872041828e-02,1.147168666913603010e+04,3.658737243079575596e-01,5.584815088399423116e-02,7.995343824197570726e+00,2.121500211200848165e-03,3.238326669117236258e-04
8.369250000000000300e-02,2.866897980273316882e-02,8.171815543745130128e+01,7.845105823779573484e+01,3.267097199655571771e+00,4.170640891162243763e-02,1.569870380602913974e+04,3.631822969317850536e-01,5.021669603229183404e-02,8.011168805536303950e+00,2.887565117100537523e-03,3.992594930532154503e-04
9.074749999999999484e-02,3.724884610279721037e-02,8.079215090705169189e+01,7.767863261351079984e+01,3.113518293540892046e+00,5.386038580643528334e-02,2.044089248372590009e+04,3.602095937993969876e-01,4.654560544428943542e-02,8.028443517729604295e+00,3.737093149886449965e-03,4.829001399669625820e-04
9.780250000000000055e-02,4.711123827938895614e-02,8.004623851889573416e+01,7.704392728691763637e+01,3.002311231978093797e+00,6.762835771596498180e-02,2.590913012349647761e+04,3.568302617491069806e-01,4.380271750158688110e-02,8.045863100834417025e+00,4.702562613608433570e-03,5.772633203465396112e-04
1.048575000000000063e-01,5.812500378504400350e-02,7.901726017780200095e+01,7.625130638912843040e+01,2.765953788673573222e+00,8.275674098134376544e-02,3.204627069069990102e+04,3.530299508616742687e-01,4.140719917900105573e-02,8.066011349242694806e+00,5.768930607951700505e-03,6.766430387853659707e-04
1.119124999999999981e-01,7.218480155211177973e-02,7.871161688781415933e+01,7.655201806901763462e+01,2.159598818796526487e+00,1.015739788910998004e-01,3.986095860912596254e+04,3.483536744857556045e-01,3.746187333390130908e-02,8.078789605461652812e+00,7.091888026572419797e-03,7.626599930138843950e-04
1.189674999999999899e-01,8.604923356187799133e-02,7.801010993268806715e+01,7.658144341381411380e+01,1.428666518873946245e+00,1.200171331792900115e-01,4.762038803397937590e+04,3.445370955401280688e-01,3.345538867268640915e-02,8.096368184803543144e+00,8.397820839188134198e-03,8.154487972860451029e-04
1.260224999999999818e-01,9.809621011454405792e-02,7.688532542991826801e+01,7.600084699377377717e+01,8.844784361444896215e-01,1.363480249271314393e-01,5.443775791981999646e+04,3.424004217015629292e-01,3.036843049786396020e-02,8.118809049167191816e+00,9.566967205228218973e-03,8.485205047456015033e-04
1.330774999999999875e-01,1.089074774576882232e-01,7.585274025810174692e+01,7.531309483743406474e+01,5.396454206676836174e-01,1.516812649483549880e-01,6.061759627891267155e+04,3.420730819006197465e-01,2.811274136524232262e-02,8.143016937519629295e+00,1.067456993164657593e-02,8.772728389097747765e-04
1.401324999999999654e-01,1.186893800900500756e-01,7.508447651984452875e+01,7.478010196175515034e+01,3.043745580893728042e-01,1.668451862234614502e-01,6.626266662886748964e+04,3.442155146833089652e-01,2.631848715697400823e-02,8.167730019693646426e+00,1.177736573119741656e-02,9.004894768461611668e-04
1.471874999999999989e-01,1.276720317570396446e-01,7.423085259178685646e+01,7.410544929932628122e+01,1.254032924605683608e-01,1.813056600619634140e-01,7.150980600204635994e+04,3.466022933349868773e-01,2.489756164886374259e-02,8.194343329640423335e+00,1.283981082993962408e-02,9.223250620249169845e-04
1.542424999999999768e-01,1.362208356235383722e-01,7.335107578826232100e+01,7.336052119560140738e+01,-9.445407339092033380e-03,1.954153423158787040e-01,7.656046423393925943e+04,3.489311719569264669e-01,2.372009322528734546e-02,8.222527681727028082e+00,1.388663782159911542e-02,9.440037754918429499e-04
1.612974999999999826e-01,1.438564821539789762e-01,7.293405905214373774e+01,7.303916735409761429e+01,-1.051083019538697760e-01,2.101893510280512800e-01,8.112175159376609372e+04,3.542085657024230949e-01,2.259801239866548322e-02,8.249966967400721884e+00,1.498635533399711277e-02,9.561085655195284512e-04
1.683524999999999883e-01,1.503223420839650826e-01,7.215381643640129994e+01,7.234129700687415720e+01,-1.874805704728546574e-01,2.237182936431963975e-01,8.507954226872425352e+04,3.594694796620902522e-01,2.169591888765725826e-02,8.280297433738626367e+00,1.600960224830324727e-02,9.662657094820765015e-04
1.754074999999999662e-01,1.563211257528069331e-01,7.142365334234281704e+01,7.168743241198590965e+01,-2.637790696430868387e-01,2.368414174438585873e-01,8.880947709488240071e+04,3.645725854377077080e-01,2.092329332396271335e-02,8.311625467390157951e+00,1.701283631187490777e-02,9.763887320231440497e-04
1.824624999999999997e-01,1.618795718531774730e-01,7.067454811991271413e+01,7.100736697789290020e+01,-3.328188579801890090e-01,2.495680388927403737e-01,9.232831650828271813e+04,3.695215058629351956e-01,2.025513764549843887e-02,8.344247856927246687e+00,1.799737927340429311e-02,9.865173979244970786e-04
1.895174999999999776e-01,1.671011885702017585e-01,6.993393365222158309e+01,7.032395574037013830e+01,-3.900220881485601532e-01,2.620632888014872153e-01,9.569267378388851648e+04,3.743804543073513957e-01,1.966547392789465276e-02,8.378060200751560771e+00,1.897504307355104766e-02,9.967219456848361043e-04
1.965724999999999834e-01,1.708538845165664122e-01,6.935735384369931467e+01,6.975401450200669728e+01,-3.966606583073793435e-01,2.746024421550511962e-01,9.824386411165080790e+04,3.821066791059946066e-01,1.922500780650156921e-02,8.412496654789762829e+00,1.996468243766799308e-02,1.004486957978616753e-03
2.036274999999999891e-01,1.740965545203869147e-01,6.872787456080209267e+01,6.911176780089525096e+01,-3.838932400931575062e-01,2.867375850152215633e-01,1.005358107338187838e+05,3.898966540303181461e-01,1.884781735271724018e-02,8.448409074422732701e+00,2.093594960899263294e-02,1.012055246581575890e-03
2.106824999999999670e-01,1.770561650129148512e-01,6.810791570308005305e+01,6.847358614319836079e+01,-3.656704401183082376e-01,2.986197451478377340e-01,1.026929393001280405e+05,3.975242304458938558e-01,1.851046548315307683e-02,8.485430043349719398e+00,2.189906056138164053e-02,1.019715965943129117e-03
2.177374999999999727e-01,1.797650104625082290e-01,6.748880360717546978e+01,6.784116791504712296e+01,-3.523643078716549026e-01,3.102889876655809953e-01,1.047323352779893321e+05,4.050151275574087051e-01,1.820641024272044370e-02,8.523538931045463229e+00,2.285701000596550292e-02,1.027477920640354047e-03
2.247924999999999784e-01,1.822433739116266216e-01,6.687454697174736395e+01,6.721002985436709309e+01,-3.354828826197327474e-01,3.217585207522612456e-01,1.066646280706075922e+05,4.123778241625052354e-01,1.793101028645904815e-02,8.562744834990311915e+00,2.381091945322839215e-02,1.035346268953678912e-03
2.318474999999999842e-01,1.845152447552938224e-01,6.627025757741940026e+01,6.658395494051295316e+01,-3.136973630935582236e-01,3.330596764235037588e-01,1.085022334347874421e+05,4.196324333837782028e-01,1.768004167940427293e-02,8.603016391714145783e+00,2.476315140307243021e-02,1.043326287697388501e-03
2.389024999999999899e-01,1.866014767587955148e-01,6.567908265971369985e+01,6.596389087195372269e+01,-2.848082122400191207e-01,3.442226068075487921e-01,1.102560340568936081e+05,4.267983109326198288e-01,1.745005193565365639e-02,8.644335544768523505e+00,2.571604117285612376e-02,1.051424625053383423e-03
2.459574999999999678e-01,1.881036352368317954e-01,6.514475174449901829e+01,6.538533125664471868e+01,-2.405795121457066366e-01,3.553174707169478586e-01,1.116857435324044200e+05,4.349151053346539952e-01,1.727104491295029104e-02,8.686501065340056726e+00,2.667439303537161299e-02,1.059274866494004392e-03
2.530124999999999735e-01,1.887477101232896137e-01,6.460768002810101507e+01,6.478207580495804052e+01,-1.743957768570220668e-01,3.661743678700278837e-01,1.126273169946167181e+05,4.444571238588053697e-01,1.716030722517654025e-02,8.729841790159699855e+00,2.762659877458198410e-02,1.066651645590718529e-03
2.600675000000000070e-01,1.892742349776349586e-01,6.407822321379804009e+01,6.418382427711173932e+01,-1.056010633136990756e-01,3.768584399141088337e-01,1.135152497535876901e+05,4.538472481199591901e-01,1.705893178038784055e-02,8.774190021643585524e+00,2.857711538535721504e-02,1.074139071809967040e-03
2.671225000000000405e-01,1.896950539806817326e-01,6.355720790021648270e+01,6.359191537622565704e+01,-3.470747600917502285e-02,3.873923324114188493e-01,1.143554488249567949e+05,4.631053810766883605e-01,1.696575054035341645e-02,8.819524711906804981e+00,2.952767885413661031e-02,1.081739176319338434e-03
2.741774999999999629e-01,1.900191796068753936e-01,6.304233135632787821e+01,6.300449531370402667e+01,3.783604262384838296e-02,3.977893662622180027e-01,1.151524275692383962e+05,4.722432303352502303e-01,1.687984700747307068e-02,8.865841957760991932e+00,3.047938933040308246e-02,1.089454322962282251e-03
2.812324999999999964e-01,1.902570048898196697e-01,6.253405699486287972e+01,6.242230815204458594e+01,1.117488428182949745e-01,4.080798201326228392e-01,1.159114369429286889e+05,4.812874075130243456e-01,1.680030503545482112e-02,8.913124241901620337e+00,3.143461793468708271e-02,1.097288567562263546e-03
2.882875000000000298e-01,1.903399884075196447e-01,6.209728957786770565e+01,6.190803416969136208e+01,1.892554081763435092e-01,4.183740914995189852e-01,1.165849021529282327e+05,4.905780801347769393e-01,1.673067174194828657e-02,8.961002534294346233e+00,3.240070717880060708e-02,1.104993512687262513e-03
2.953425000000000078e-01,1.897638525965890111e-01,6.162453240483669958e+01,6.134491189576460357e+01,2.796205090720964015e-01,4.283534791916927542e-01,1.168690171351909667e+05,5.010586645731365252e-01,1.669590316800398724e-02,9.010112818075118213e+00,3.335536016310487045e-02,1.111442437367150989e-03
3.023974999999999858e-01,1.891472076976220829e-01,6.115326642747062635e+01,6.078626520262013599e+01,3.670012248504881947e-01,4.381307970313119138e-01,1.171360836026942561e+05,5.113270305650872150e-01,1.666360890591991537e-02,9.060143810565813638e+00,3.430614979912335882e-02,1.118001257803106314e-03
3.094525000000000192e-01,1.884948594803949884e-01,6.068918116945071972e+01,6.023446153548055548e+01,4.547196339701641277e-01,4.477362478477462937e-01,1.173882124406408839e+05,5.214148978226247344e-01,1.663347667863475030e-02,9.111068348180596743e+00,3.525532047413888759e-02,1.124667809364878488e-03
3.165074999999999972e-01,1.878099763883479545e-01,6.022925932465128085e+01,5.968867319704730789e+01,5.405861276039758412e-01,4.571803461115956368e-01,1.176267720835772343e+05,5.313333088866686316e-01,1.660529410142965248e-02,9.162876800667662636e+00,3.620366237867517906e-02,1.131441321844540125e-03
3.235624999999999751e-01,1.870956837420542362e-01,5.977594650730384274e+01,5.915021631114630907e+01,6.257301961575321148e-01,4.664733502516981711e-01,1.178529780728351034e+05,5.410930373971415408e-01,1.657887462202804058e-02,9.215547011670718547e+00,3.715190291524383265e-02,1.138319471572707799e-03
3.306175000000000086e-01,1.863543135782892990e-01,5.932804612695804991e+01,5.861826622905753936e+01,7.097798979005089937e-01,4.756176934925157029e-01,1.180677389182228217e+05,5.506966387828148290e-01,1.655407385708086709e-02,9.269069157596563358e+00,3.810019792291931273e-02,1.145301143982735935e-03
3.376724999999999866e-01,1.855881329911809041e-01,5.888584370308113591e+01,5.809283626416840463e+01,7.930074389127300671e-01,4.846162554256405186e-01,1.182718871019613289e+05,5.601471372575745900e-01,1.653076111613218865e-02,9.323428607280177971e+00,3.904871384013195584e-02,1.152384645833869894e-03
3.447275000000000200e-01,1.847992191766462400e-01,5.844920910096665523e+01,5.757390750301657789e+01,8.753015979500797794e-01,4.934712963736246905e-01,1.184661644523582800e+05,5.694469066645957422e-01,1.650882038242664981e-02,9.378610979309957685e+00,3.999756242764471170e-02,1.159568286568650247e-03
3.517824999999999980e-01,1.839894928113324224e-01,5.801816327243626858e+01,5.706151325473815206e+01,9.566500176981165282e-01,5.021845596525683630e-01,1.186512352063023864e+05,5.785977778748849776e-01,1.648814815155459981e-02,9.434601642432959068e+00,4.094680592332376051e-02,1.166850320228340464e-03
3.588374999999999759e-01,1.831606060453237761e-01,5.759221133844788199e+01,5.655494941230368511e+01,1.037261926144197766e+00,5.107561671953119165e-01,1.188276726578389498e+05,5.875998789451397641e-01,1.646865430770110342e-02,9.491390580756204898e+00,4.189638690305112767e-02,1.174229501011288604e-03
3.658925000000000094e-01,1.823143687832917692e-01,5.717209003124322209e+01,5.605488326461335191e+01,1.117206766629869730e+00,5.191897968231814486e-01,1.189960720778083778e+05,5.964570724086281084e-01,1.645024921166670512e-02,9.548959558791962010e+00,4.284649589510142187e-02,1.181703710000097654e-03
3.729474999999999874e-01,1.814523043559040649e-01,5.675790685505698718e+01,5.556110010074310424e+01,1.196806754313882282e+00,5.274869100874618466e-01,1.191569352954596834e+05,6.051708932204121760e-01,1.643285616361730289e-02,9.607295810106107226e+00,4.379716067090621417e-02,1.189271410344761200e-03
3.800025000000000208e-01,1.805758659512023967e-01,5.634969792370362285e+01,5.507356162450460602e+01,1.276136299199019497e+00,5.356492372841682448e-01,1.193107281865595432e+05,6.137431585775032783e-01,1.641640467512169715e-02,9.666385616785925450e+00,4.474842085267790454e-02,1.196930955601762346e-03
3.870574999999999988e-01,1.796864915855395373e-01,5.594773928405417251e+01,5.459272746861143588e+01,1.355011815442733525e+00,5.436791909681343293e-01,1.194578915814397769e+05,6.221764022009496076e-01,1.640082906149789230e-02,9.726212240080876370e+00,4.570035355977452446e-02,1.204680351315861675e-03
3.941124999999999767e-01,1.787852883878973953e-01,5.555092695828561489e+01,5.411774341559495127e+01,1.433183542690664725e+00,5.515757455871459491e-01,1.195987708055869443e+05,6.304695470320271777e-01,1.638607559368496919e-02,9.786767315493406727e+00,4.665278024872792501e-02,1.212518491035690076e-03
4.011675000000000102e-01,1.778735410962363761e-01,5.515964784058770221e+01,5.364913999096548025e+01,1.510507849622223286e+00,5.593412413761912338e-01,1.197337435507905320e+05,6.386250508398052528e-01,1.637208875342293854e-02,9.848033931029272381e+00,4.760575804556579221e-02,1.220443349146806394e-03
4.082224999999999882e-01,1.769522696699577791e-01,5.477317536038018631e+01,5.318634390881999963e+01,1.586831451560189343e+00,5.669755314328446261e-01,1.198631170259562641e+05,6.466427593439485477e-01,1.635882187073677344e-02,9.910002315090162384e+00,4.855916156438417480e-02,1.228453675148264562e-03
4.152775000000000216e-01,1.760225988729798574e-01,5.439177204659246456e+01,5.272973262221405122e+01,1.662039424378416452e+00,5.744809012947069693e-01,1.199872160451669915e+05,6.545250728690616970e-01,1.634622782608745328e-02,9.972656817818723596e+00,4.951303819189144251e-02,1.236547591826688951e-03
4.223324999999999996e-01,1.750854802753670503e-01,5.401506620230593825e+01,5.227904763752947304e+01,1.736018564776462325e+00,5.818581517246028678e-01,1.201063178261355788e+05,6.622728323948374740e-01,1.633426563442921114e-02,1.003598600542308716e+01,5.046732397485546168e-02,1.244723677828027527e-03
4.293874999999999775e-01,1.741419035593486375e-01,5.364331537554695473e+01,5.183463354805322609e+01,1.808681827493728855e+00,5.891092883379183132e-01,1.202206988060207805e+05,6.698881442650770346e-01,1.632289554655355981e-02,1.009997471936824454e+01,5.142203548520805911e-02,1.252980100039038144e-03
4.364425000000000110e-01,1.731926975551466019e-01,5.327621404298572827e+01,5.139628431456264934e+01,1.879929728423079593e+00,5.962344027759999276e-01,1.203305866981132276e+05,6.773711047236484761e-01,1.631208371941889057e-02,1.016461148907766621e+01,5.237703643020113348e-02,1.261315396045806442e-03
4.434974999999999890e-01,1.722386234815822259e-01,5.291337048459458714e+01,5.096370126691397218e+01,1.949669217680613409e+00,6.032331392159052674e-01,1.204361872203689854e+05,6.847213400770437719e-01,1.630179936528732693e-02,1.022988562854144057e+01,5.333214816527477586e-02,1.269728177322852931e-03
4.505524999999999669e-01,1.712804583257767632e-01,5.255477415913097872e+01,5.053694668773249532e+01,2.017827471398481176e+00,6.101061270252193802e-01,1.205377069696811086e+05,6.919395113016995058e-01,1.629201243756163084e-02,1.029578429555756713e+01,5.428726075456541400e-02,1.278216828159844075e-03
4.576075000000000004e-01,1.703188990263609370e-01,5.220005282511780109e+01,5.011586422050904588e+01,2.084188604608756101e+00,6.168534234092204471e-01,1.206353307192617067e+05,6.990256784759260045e-01,1.628269578030159051e-02,1.036229624846059494e+01,5.524221583025202414e-02,1.286779902785405725e-03
4.646624999999999783e-01,1.693545900282007188e-01,5.184890953195123586e+01,4.970019425197450857e+01,2.148715279976726844e+00,6.234750338821661853e-01,1.207292306241238111e+05,7.059798473909246752e-01,1.627382414804499910e-02,1.042941111744780258e+01,5.619684855040376487e-02,1.295416058069400389e-03
4.717175000000000118e-01,1.683882010788078087e-01,5.150181635928647950e+01,4.929004639144518052e+01,2.211769967841302531e+00,6.299722252736426054e-01,1.208195852895055723e+05,7.128033485005123016e-01,1.626537236310017856e-02,1.049711631492643527e+01,5.715109011208502343e-02,1.304123730038127954e-03
4.787724999999999898e-01,1.674203435875347146e-01,5.115866087944800711e+01,4.888540374838585478e+01,2.273257131062153658e+00,6.363459647215354842e-01,1.209065578838448564e+05,7.194971975153304777e-01,1.625731735389441060e-02,1.056540026102509522e+01,5.810484617842968241e-02,1.312901464222621713e-03
4.858274999999999677e-01,1.664515759452037669e-01,5.081938020291026703e+01,4.848614507781784511e+01,2.333235125092420592e+00,6.425968882766801560e-01,1.209902969846390915e+05,7.260620624307204674e-01,1.624963799803102668e-02,1.063425224323491491e+01,5.905799279296038151e-02,1.321747896540871343e-03
4.928825000000000012e-01,1.654824531139516275e-01,5.048414187762228522e+01,4.809237115966261911e+01,2.391770717959667891e+00,6.487260315883435213e-01,1.210709472746890242e+05,7.324990309095653629e-01,1.624231408226859200e-02,1.070366026909814394e+01,6.001043134037706284e-02,1.330661520237774427e-03
4.999374999999999791e-01,1.645134287219126301e-01,5.015263000089409218e+01,4.770371587625179188e+01,2.448914124642303403e+00,6.547332109737677985e-01,1.211486290186316037e+05,7.388079100439720603e-01,1.623532811482807092e-02,1.077361560276387387e+01,6.096196449844131643e-02,1.339641174250270385e-03
5.069925000000000681e-01,1.635450276794394309e-01,4.982524622831267891e+01,4.732051615611639761e+01,2.504730072196280410e+00,6.606199272868279460e-01,1.212234766262464836e+05,7.449902760654947276e-01,1.622866179494411240e-02,1.084410506517005501e+01,6.191252171368032825e-02,1.348685221866063356e-03
5.140474999999999905e-01,1.625776086163444045e-01,4.950156308311859021e+01,4.694216218422984355e+01,2.559400898888746667e+00,6.663851751041286464e-01,1.212955854367087450e+05,7.510450730551614384e-01,1.622230073956577867e-02,1.091512189188793336e+01,6.286183054922910018e-02,1.357792703520365254e-03
5.211024999999999130e-01,1.616116288438399218e-01,4.918160221805690924e+01,4.656887857773924821e+01,2.612723640317657914e+00,6.720304056364049261e-01,1.213650753507776244e+05,7.569738251081483682e-01,1.621622878018746244e-02,1.098665402412071046e+01,6.380981393520612777e-02,1.366962115297265003e-03
5.281574999999999465e-01,1.606474511341287603e-01,4.886517076001366888e+01,4.620037610375107562e+01,2.664794656262593708e+00,6.775560005148481002e-01,1.214320464741147007e+05,7.627769330223850286e-01,1.621043188145948263e-02,1.105869297878252233e+01,6.475631150679533876e-02,1.376192345534222369e-03
5.352124999999999799e-01,1.596854780275893670e-01,4.855261228688740260e+01,4.583680290426949000e+01,2.715809382617915269e+00,6.829637220589538371e-01,1.214966096047015308e+05,7.684562476266856290e-01,1.620489545305334178e-02,1.113122758858310135e+01,6.570127604334635718e-02,1.385482013716213658e-03
5.422675000000000134e-01,1.587260666897208905e-01,4.824399958835171276e+01,4.547816698471985575e+01,2.765832603631856568e+00,6.882548869923603707e-01,1.215588641076961067e+05,7.740131517747570467e-01,1.619960625798368831e-02,1.120424778982294178e+01,6.664462300451409749e-02,1.394829854517854253e-03
5.493225000000000469e-01,1.577695413135658253e-01,4.793934902691155031e+01,4.512443086644222490e+01,2.814918160469322306e+00,6.934304150589776228e-01,1.216188992849418573e+05,7.794486114029887114e-01,1.619455224704170054e-02,1.127774399116990622e+01,6.758623050511597397e-02,1.404234641108127388e-03
5.563774999999999693e-01,1.568161915939714768e-01,4.763858309669384994e+01,4.477546827778810723e+01,2.863114818905740933e+00,6.984908563344163213e-01,1.216767953738919023e+05,7.847632042135466168e-01,1.618972243215685905e-02,1.135170736022690541e+01,6.852594271447125240e-02,1.413695221682796438e-03
5.634324999999998917e-01,1.558663379647020619e-01,4.734221775129310572e+01,4.443160419121899452e+01,2.910613560074110318e+00,7.034374184692914200e-01,1.217326356662125181e+05,7.899581985091190806e-01,1.618510585068268920e-02,1.142612627622012766e+01,6.946364883646115318e-02,1.423210128478458831e-03
5.704874999999999252e-01,1.549201297458864812e-01,4.704954848425434477e+01,4.409200101272019623e+01,2.957547471534148098e+00,7.082679021921323148e-01,1.217864613121939037e+05,7.950312845637936832e-01,1.618069525951932111e-02,1.150099688090860539e+01,7.039894535337733183e-02,1.432778688677061995e-03
5.775424999999999587e-01,1.539778491467456434e-01,4.676062983422563235e+01,4.375692252081981337e+01,3.003707313405815871e+00,7.129836230615919090e-01,1.218383496325547749e+05,7.999838440077828849e-01,1.617648064762959581e-02,1.157630831318798137e+01,7.133172819874650239e-02,1.442399530205726137e-03
5.845974999999999921e-01,1.530396938253802686e-01,4.647488095251431872e+01,4.342603990016257143e+01,3.048841052351746406e+00,7.175848228128236528e-01,1.218883623158376140e+05,8.048161307169527934e-01,1.617245351590695934e-02,1.165205376531517878e+01,7.226180930735498498e-02,1.452071730915065542e-03
5.916525000000000256e-01,1.521059506147151852e-01,4.619281775436253668e+01,4.309988419036739060e+01,3.092933563995146073e+00,7.220740955878242051e-01,1.219365829441901005e+05,8.095308691194021966e-01,1.616860383606955054e-02,1.172822102793471011e+01,7.318920230232955904e-02,1.461793814473768237e-03
5.987075000000000591e-01,1.511767684126525679e-01,4.591408736139524649e+01,4.277804762633694935e+01,3.136039735058298028e+00,7.264509302128078216e-01,1.219830581416527129e+05,8.141275223685642271e-01,1.616492475971835138e-02,1.180480413327196132e+01,7.411364562865543903e-02,1.471564923600848221e-03
6.057625000000000925e-01,1.502523230761370621e-01,4.563862331603368006e+01,4.246044828349969436e+01,3.178175032533984368e+00,7.307157484503984390e-01,1.220278418280943588e+05,8.186065334093295398e-01,1.616140903188471520e-02,1.188179516559205240e+01,7.503495654145221627e-02,1.481384004236536555e-03
6.128174999999999040e-01,1.493328015043114965e-01,4.536651453821847468e+01,4.214720856079458855e+01,3.219305977423888354e+00,7.348696135479604319e-01,1.220709918134109757e+05,8.229690188887439639e-01,1.615804927686283893e-02,1.195918507012433274e+01,7.595300893064141357e-02,1.491249892595553073e-03
6.198724999999999374e-01,1.484183578304255902e-01,4.509773104110671227e+01,4.183833396509099600e+01,3.259397076015713601e+00,7.389128229771880774e-01,1.221125552217736840e+05,8.272152912184806972e-01,1.615483912863253241e-02,1.203696570296048129e+01,7.686760206536231987e-02,1.501161497801296266e-03
6.269274999999999709e-01,1.475091004766036218e-01,4.483195679611660012e+01,4.153357462164012759e+01,3.298382174476470752e+00,7.428445421431599804e-01,1.221525653440229653e+05,8.313444738875936935e-01,1.615177343501630891e-02,1.211513069504824358e+01,7.777842547985470978e-02,1.511117889084293356e-03
6.339825000000000044e-01,1.466051298653238411e-01,4.456877670539237357e+01,4.123267523013073088e+01,3.336101475261640470e+00,7.466641024574836027e-01,1.221910553331980627e+05,8.353558647290448835e-01,1.614884717731260994e-02,1.219367385825369787e+01,7.868518202040809817e-02,1.521118164387043380e-03
6.410375000000000378e-01,1.457065616040212619e-01,4.430799478252621526e+01,4.093553463089537559e+01,3.372460151630837899e+00,7.503719393823833350e-01,1.222280675201315753e+05,8.392499210753632255e-01,1.614605476916191121e-02,1.227258819461548356e+01,7.958768154256057326e-02,1.531161377400244803e-03
6.480925000000000713e-01,1.448135487294974211e-01,4.405019158081613995e+01,4.064247257620841935e+01,3.407719004607721036e+00,7.539699370326108374e-01,1.222636563905309740e+05,8.430286216675650923e-01,1.614338985919480662e-02,1.235186423291566093e+01,8.048587055304495808e-02,1.541246350479018442e-03
6.551474999999998827e-01,1.439262037837610309e-01,4.379560776690845358e+01,4.035363767463277185e+01,3.441970092275681736e+00,7.574586127928056856e-01,1.222978605976142426e+05,8.466925098750004430e-01,1.614084743415273443e-02,1.243149373432561156e+01,8.137955868313000163e-02,1.551371986457045129e-03
6.622024999999999162e-01,1.430445402159053470e-01,4.354335358201836925e+01,4.006838261154182845e+01,3.474970970476539911e+00,7.608355991417817821e-01,1.223306889790919813e+05,8.502390992720021412e-01,1.613842480077560745e-02,1.251147353868118017e+01,8.226827542515638414e-02,1.561537663435118902e-03
6.692574999999999497e-01,1.421686308768196350e-01,4.329317090526496514e+01,3.978660749329827695e+01,3.506563411966691302e+00,7.641008299494882472e-01,1.223621715800432139e+05,8.536683204072564868e-01,1.613611778145731396e-02,1.259179721416248654e+01,8.315177017580890895e-02,1.571742473298551931e-03
6.763124999999999831e-01,1.412985929322443657e-01,4.304545412073073152e+01,3.950870824521013702e+01,3.536745875520592719e+00,7.672559264350101715e-01,1.223923529396171944e+05,8.569818759226532912e-01,1.613392125562248397e-02,1.267245544593094309e+01,8.402995509904305493e-02,1.581985240028361064e-03
6.833675000000000166e-01,1.404344480784272819e-01,4.280017634158875950e+01,3.923426152974739978e+01,3.565914811841359278e+00,7.702997602607450922e-01,1.224212495987229922e+05,8.601785808118690424e-01,1.613183225452272801e-02,1.275344408822755149e+01,8.490247528087042916e-02,1.592265280463102655e-03
6.904225000000000501e-01,1.395762662056267422e-01,4.255759510561919967e+01,3.896338956328010283e+01,3.594205542339095061e+00,7.732328096390926886e-01,1.224488920545352303e+05,8.632589373046584136e-01,1.612984688902961705e-02,1.283475578948846163e+01,8.576912708430571575e-02,1.602581598512120998e-03
6.974775000000000835e-01,1.387240748540130297e-01,4.231731165920518833e+01,3.869586020529217052e+01,3.621451453913017371e+00,7.760544673986946584e-01,1.224752991628333548e+05,8.662223077355767353e-01,1.612796220217893942e-02,1.291638548419137678e+01,8.662959977141111712e-02,1.612933421624261100e-03
7.045324999999998949e-01,1.378778978358161933e-01,4.207900915547997300e+01,3.843140291903704764e+01,3.647606236442927141e+00,7.787645327978899301e-01,1.225004923646004027e+05,8.690684812810759441e-01,1.612617513600061656e-02,1.299832845891093491e+01,8.748362658023596528e-02,1.623320042266136916e-03
7.115874999999999284e-01,1.370378139748010538e-01,4.184303393498539947e+01,3.817033760167888090e+01,3.672696333306516348e+00,7.813651063889868187e-01,1.225245130507046124e+05,8.717996639899141531e-01,1.612448131552248268e-02,1.308057662289786194e+01,8.833117526626356464e-02,1.633740461243726651e-03
7.186424999999999619e-01,1.362038853888538903e-01,4.160973376102134580e+01,3.791299527680015302e+01,3.696738484221191889e+00,7.838574069190875626e-01,1.225473928394204850e+05,8.744171358185692799e-01,1.612287716514823957e-02,1.316312197792442262e+01,8.917211738269112398e-02,1.644193641941180291e-03
7.256974999999999953e-01,1.353760516993323393e-01,4.137822331307235402e+01,3.765851743153764630e+01,3.719705881534708602e+00,7.862382772583806911e-01,1.225691221158330154e+05,8.769175810760789780e-01,1.612136207336587954e-02,1.324596362536314764e+01,9.000587288777942008e-02,1.654679181791146201e-03
7.327525000000000288e-01,1.345543227587743806e-01,4.114831853651567428e+01,3.740671785813937333e+01,3.741600678376300504e+00,7.885077078016781149e-01,1.225897192839257768e+05,8.793009896748523735e-01,1.611993352471031288e-02,1.332909680158811128e+01,9.083218716796045977e-02,1.665196373306713096e-03
7.398075000000000623e-01,1.337387448440198467e-01,4.092018939439578418e+01,3.715774135083718477e+01,3.762448043558599853e+00,7.906679552188693449e-01,1.226092220503335266e+05,8.815697316219535118e-01,1.611858775167821986e-02,1.341251497977243368e+01,9.165105416372776315e-02,1.675744420528005275e-03
7.468624999999998737e-01,1.329293702024232360e-01,4.069414655767105415e+01,3.691186940842529651e+01,3.782277149245757641e+00,7.927217777018823464e-01,1.226276711514817725e+05,8.837267036345252125e-01,1.611732087996227761e-02,1.349621100449232358e+01,9.246252638919010003e-02,1.686322480759690819e-03
7.539174999999999072e-01,1.321261765648421294e-01,4.046966964187771509e+01,3.666857657824635908e+01,3.801093063631355129e+00,7.946695346414919259e-01,1.226450844743434136e+05,8.857722831530951968e-01,1.611613069350266783e-02,1.358018246277698182e+01,9.326641330581422751e-02,1.696930164488953847e-03
7.609724999999999406e-01,1.313292296607452836e-01,4.024729621079559649e+01,3.642836020650612738e+01,3.818936004289469111e+00,7.965152686972599705e-01,1.226615116360909306e+05,8.877107158725097147e-01,1.611501288989230715e-02,1.366442124020471027e+01,9.406291945591337134e-02,1.707566589418803250e-03
7.680274999999999741e-01,1.305385382154395923e-01,4.002698939607368800e+01,3.619116215348167032e+01,3.835827242592020347e+00,7.982608983637216049e-01,1.226769819870314823e+05,8.895440166402317494e-01,1.611396463924492234e-02,1.374892250982777497e+01,9.485202946841393701e-02,1.718231161384793952e-03
7.750825000000000076e-01,1.297540812020211709e-01,3.980834882954314224e+01,3.595656994562031628e+01,3.851778883922823304e+00,7.999075825072399226e-01,1.226915171153845295e+05,8.912734025245967473e-01,1.611298370869957211e-02,1.383368352478546548e+01,9.563365546727961575e-02,1.728923502241657383e-03
7.821375000000000410e-01,1.289759254855207260e-01,3.959204869013490935e+01,3.572520741714698289e+01,3.866841272987927347e+00,8.014605434767522185e-01,1.227051733700965706e+05,8.929043581575974997e-01,1.611206559587676987e-02,1.391869590892019204e+01,9.640816128057379253e-02,1.739642778466883415e-03
7.891925000000000745e-01,1.282041083086551958e-01,3.937854635885533838e+01,3.549749496566518303e+01,3.881051393190155796e+00,8.029236842363250970e-01,1.227179942087003874e+05,8.944409825226309341e-01,1.611120675393424087e-02,1.400395259527014424e+01,9.717577377866462585e-02,1.750388246305556970e-03
7.962474999999998859e-01,1.274386984761246844e-01,3.916916841829291940e+01,3.527472913385945930e+01,3.894439284433463211e+00,8.043002385921333985e-01,1.227300161763861397e+05,8.958866718379538963e-01,1.611040417158449145e-02,1.408944188956009391e+01,9.793661616620283339e-02,1.761158547428699891e-03
8.033024999999999194e-01,1.266795522452028588e-01,3.896307850338746448e+01,3.505615978107223896e+01,3.906918722315222414e+00,8.055815453924847214e-01,1.227411714980651013e+05,8.972323299611530967e-01,1.610966183257897533e-02,1.417516329344851123e+01,9.868944030501423936e-02,1.771952989956462974e-03
8.103574999999999529e-01,1.259264494813979174e-01,3.875853827102866234e+01,3.484018002398740066e+01,3.918358247041263898e+00,8.067543993527389601e-01,1.227513533143912646e+05,8.984640883959866819e-01,1.610898628931522678e-02,1.426112072869036851e+01,9.943244201060071064e-02,1.782771137710675380e-03
8.174124999999999863e-01,1.251792104761068891e-01,3.855377749868264914e+01,3.462511205241112577e+01,3.928665446271521144e+00,8.078096922142928848e-01,1.227604907245720387e+05,8.995723814379923411e-01,1.610838168201640663e-02,1.434731831643315125e+01,1.001642861532318352e-01,1.793612815995715860e-03
8.244675000000000198e-01,1.244379094697463800e-01,3.834977475906302402e+01,3.441187753136302518e+01,3.937897227700000613e+00,8.087535748310863415e-01,1.227686444185779401e+05,9.005636688566546200e-01,1.610784348104193561e-02,1.443374672153640148e+01,1.008854185925274205e-01,1.804477116283149636e-03
8.315225000000000533e-01,1.237029014559652418e-01,3.815230057865306179e+01,3.420609303497705866e+01,3.946207543676001350e+00,8.096019580794550086e-01,1.227759578422091145e+05,9.014546606233729831e-01,1.610736180233047002e-02,1.452037294267443279e+01,1.015973610866027776e-01,1.815360799235620631e-03
8.385774999999998647e-01,1.229736885949242742e-01,3.795691388831885149e+01,3.400363877825555647e+01,3.953275110063297237e+00,8.103225376813543157e-01,1.227821581993790460e+05,9.022114300360080108e-01,1.610695421882576972e-02,1.460721390877314541e+01,1.022959439328958997e-01,1.826263812278416465e-03
8.456324999999998981e-01,1.222490021585401626e-01,3.774432977388688926e+01,3.378576801523389861e+01,3.958561758652993756e+00,8.108610063746767294e-01,1.227867847639962856e+05,9.027769423481719624e-01,1.610665056031901701e-02,1.469435847637937975e+01,1.029746094113655197e-01,1.837193632859248499e-03
8.526874999999999316e-01,1.215316952393130506e-01,3.755551797099006706e+01,3.359202269350002013e+01,3.963495277490047819e+00,8.113631096130441422e-01,1.227910936545317527e+05,9.033042628160007359e-01,1.610636811459778897e-02,1.478160653176414741e+01,1.036501660488715337e-01,1.848134452856407513e-03
8.597424999999999651e-01,1.208189320864394706e-01,3.735029965170026856e+01,3.338362762283055929e+01,3.966672028869710154e+00,8.116862230206344231e-01,1.227938638518059888e+05,9.036436040116605506e-01,1.610618671446370498e-02,1.486914506798190061e+01,1.043055169915401842e-01,1.859100340616956547e-03
8.667974999999999985e-01,1.201124421905271494e-01,3.715457892422386976e+01,3.318560799356711044e+01,3.968970930656762874e+00,8.119199549071109967e-01,1.227958664443972666e+05,9.038890746605339199e-01,1.610605566944893485e-02,1.495684787785637049e+01,1.049509559569695161e-01,1.870081171010573107e-03
8.738525000000000320e-01,1.194133609844369309e-01,3.694472798206982844e+01,3.297516693950570499e+01,3.969561042564122122e+00,8.119998321730077517e-01,1.227992242097675044e+05,9.039532819565628818e-01,1.610570804561912636e-02,1.504482107678924052e+01,1.055786424480887609e-01,1.881091451364892177e-03
8.809075000000000655e-01,1.187200098912600255e-01,3.674094583807765702e+01,3.277127035445241177e+01,3.969675483625246581e+00,8.120269212592734487e-01,1.228015336052791099e+05,9.039664384593392166e-01,1.610545758505870992e-02,1.513297074596601277e+01,1.062007850288689964e-01,1.892119182762472740e-03
8.879624999999998769e-01,1.180313086744010087e-01,3.654561081133606137e+01,3.257592962119185387e+01,3.969681190144208838e+00,8.120282720186015046e-01,1.228016487582906993e+05,9.039670944899146354e-01,1.610544509667116361e-02,1.522128443301283696e+01,1.068207341468900839e-01,1.903161607845493559e-03
8.950174999999999104e-01,1.173473730719194336e-01,3.636231416917443937e+01,3.239273483342236659e+01,3.969579335752072335e+00,8.120041623584350887e-01,1.227995933707267250e+05,9.039553850210971797e-01,1.610566800832029244e-02,1.530974238266641052e+01,1.074383290096054683e-01,1.914216218045991253e-03
9.020724999999999438e-01,1.166678669559741421e-01,3.617678967984046778e+01,3.220817364427435336e+01,3.968616035566115308e+00,8.118838774060749275e-01,1.227955574067877315e+05,9.038511852320842976e-01,1.610607588720862696e-02,1.539840447703764426e+01,1.080445206906832378e-01,1.925287345830495236e-03
9.091274999999999773e-01,1.159969020856142785e-01,3.599284000292072960e+01,3.202627872884924898e+01,3.966561274071481957e+00,8.116749604846215105e-01,1.227937673279915180e+05,9.036317758350915774e-01,1.610619303267213712e-02,1.548724822566887482e+01,1.086399393538271113e-01,1.936381478698530291e-03
9.161825000000000108e-01,1.153320529996119115e-01,3.582199770839820019e+01,3.185820107064391848e+01,3.963796637754284813e+00,8.113937680740320735e-01,1.227913565927449818e+05,9.033364610428906705e-01,1.610635089045878154e-02,1.557622100907112284e+01,1.092262127112117870e-01,1.947486661095966824e-03
9.232375000000000442e-01,1.146711721541124052e-01,3.563056684658629791e+01,3.167152358714475824e+01,3.959043259441537899e+00,8.109100272435839640e-01,1.227872056672464387e+05,9.028284252017968470e-01,1.610662295488776360e-02,1.566546138115317710e+01,1.097865070301574097e-01,1.958611209957903786e-03
9.302925000000000777e-01,1.140161917721873586e-01,3.544945435033977787e+01,3.149590551863495946e+01,3.953548831704816191e+00,8.103504285216909242e-01,1.227823979820574168e+05,9.022407216434915611e-01,1.610693847110616223e-02,1.575483669956852317e+01,1.103366715949222060e-01,1.969747028541114775e-03
9.373474999999998891e-01,1.133665920642034641e-01,3.527103817551866882e+01,3.132399920511951663e+01,3.947038970399152191e+00,8.096867705423630435e-01,1.227766881668350834e+05,9.015437326392470307e-01,1.610731375656867734e-02,1.584437632969978971e+01,1.108728724622938672e-01,1.980895744917572816e-03
9.444024999999999226e-01,1.127219593245294138e-01,3.508979252733580267e+01,3.115053142692366350e+01,3.939261100412139172e+00,8.088928937293767829e-01,1.227698463995396160e+05,9.007099847953103922e-01,1.610776424702517820e-02,1.593409894210746280e+01,1.113913933615333779e-01,1.992057747447952259e-03
9.514574999999999561e-01,1.120824550752650972e-01,3.490872846794257356e+01,3.097835499090525957e+01,3.930373477037310881e+00,8.079844273402665422e-01,1.227620015224340605e+05,8.997558923204840298e-01,1.610828186500550679e-02,1.602398949119345417e+01,1.118939869677313959e-01,2.003232094904099959e-03
9.585124999999999895e-01,1.114482060650121287e-01,3.473048250046949192e+01,3.080996702509342100e+01,3.920515475376072256e+00,8.069753830592870658e-01,1.227532686002248374e+05,8.986961706105891512e-01,1.610885942919801014e-02,1.611403523690351491e+01,1.123822447291994847e-01,2.014418044588329581e-03
9.655675000000000230e-01,1.108191008728611204e-01,3.455442650454401132e+01,3.064478432937179164e+01,3.909642175172219680e+00,8.058609215150940308e-01,1.227435993624100665e+05,8.975257372455865967e-01,1.610950057388319326e-02,1.620423595326086996e+01,1.128552484795276450e-01,2.025615104616456264e-03
9.726225000000000565e-01,1.101949664497433867e-01,3.437912515917010126e+01,3.048147113285533294e+01,3.897654026314770093e+00,8.046304828749295535e-01,1.227328945556340332e+05,8.962335020441645206e-01,1.611021240746116773e-02,1.629459407447469133e+01,1.133112770569961458e-01,2.036822700094661261e-03
9.796774999999998679e-01,1.095756999937363974e-01,3.420416346643619221e+01,3.031965923978644284e+01,3.884504226649752479e+00,8.032788937101223992e-01,1.227211001055019588e+05,8.948140317515290709e-01,1.611099915036409702e-02,1.638510814574877017e+01,1.137493110480890107e-01,2.048040138645414263e-03
9.867324999999999013e-01,1.089612281417034340e-01,3.402933110065045241e+01,3.015915411226054843e+01,3.870176988389903983e+00,8.018041826962669649e-01,1.227081884879752761e+05,8.932652560370617500e-01,1.611186334822947708e-02,1.647577609206464189e+01,1.141687656000853202e-01,2.059266872357001874e-03
9.937874999999999348e-01,1.083515157059252443e-01,3.385495557012046675e+01,3.000026587836982017e+01,3.854689691750645242e+00,8.002078465287828513e-01,1.226941614397641097e+05,8.915887467650104314e-01,1.611280566456405050e-02,1.656659410963447954e+01,1.145695333829072765e-01,2.070502384845729175e-03
1.000842499999999857e+00,1.077465148910924791e-01,3.368113111559805617e+01,2.984307943565224264e+01,3.838051679945811312e+00,7.984906413173592510e-01,1.226790132983510994e+05,8.897852980193092787e-01,1.611382732182372809e-02,1.665755933144575707e+01,1.149514108660566747e-01,2.081746224869015539e-03
1.007897499999999891e+00,1.071461496067673547e-01,3.350725042272896559e+01,2.968699481925471062e+01,3.820255603474255857e+00,7.966517070524250510e-01,1.226627230998052983e+05,8.878540065979579898e-01,1.611493064675532244e-02,1.674867128250782500e+01,1.153139786748471479e-01,2.092998122593434096e-03
1.014952499999999924e+00,1.065504248551258082e-01,3.333412678880961266e+01,2.953276899344887951e+01,3.801357795360729597e+00,7.946969295661180377e-01,1.226453288167165301e+05,8.858010539383961435e-01,1.611611403147480970e-02,1.683992497475475503e+01,1.156577646043853991e-01,2.104257739028809939e-03
1.022007499999999958e+00,1.059593320555988344e-01,3.316256577822696272e+01,2.938116735120000911e+01,3.781398427026952724e+00,7.926307864709961626e-01,1.226268557011665544e+05,8.836311425331964120e-01,1.611737674794310252e-02,1.693131566709674374e+01,1.159831101095208372e-01,2.115524670932574392e-03
1.029062499999999769e+00,1.053727839026613322e-01,3.299212698212981820e+01,2.923177470632199260e+01,3.760352275807822497e+00,7.904508257421339890e-01,1.226072663389902882e+05,8.813416972089038737e-01,1.611872240113772919e-02,1.702284252256644237e+01,1.162893775165599192e-01,2.126798494076287752e-03
1.036117499999999803e+00,1.047907256393156711e-01,3.282330858417753916e+01,2.908509651971871079e+01,3.738212064458827477e+00,7.881565051911779696e-01,1.225865391033514170e+05,8.789321485467334050e-01,1.612015360567136540e-02,1.711450184298717403e+01,1.165761836517308636e-01,2.138078565377378448e-03
1.043172499999999836e+00,1.042130540799584282e-01,3.265603091867650676e+01,2.894110810348360729e+01,3.714922815192903016e+00,7.857424593588540063e-01,1.225646072009504423e+05,8.763968616168966719e-01,1.612167620342884813e-02,1.720629166067925553e+01,1.168424376404179482e-01,2.149364094005135669e-03
1.050227499999999869e+00,1.036396024874456229e-01,3.248891581555000840e+01,2.879853956574105212e+01,3.690376249808956288e+00,7.831978630411315923e-01,1.225413514407899056e+05,8.737244675390170023e-01,1.612329986228243014e-02,1.729821350671356228e+01,1.170862384080968988e-01,2.160654304345819947e-03
1.057282499999999903e+00,1.030703045240115440e-01,3.232260137737221584e+01,2.865805291199523097e+01,3.664548465376985309e+00,7.805205236138946789e-01,1.225167284225244657e+05,8.709126635683874795e-01,1.612502916701779102e-02,1.739026332656236562e+01,1.173069092208261222e-01,2.171948361536248789e-03
1.064337499999999714e+00,1.025049996217427400e-01,3.215525804868397586e+01,2.851791294673363453e+01,3.637345101950344439e+00,7.777011788612280263e-01,1.224906269525029202e+05,8.679517223110053692e-01,1.612687365002476308e-02,1.748244357765942070e+01,1.175027414826131378e-01,2.183245699860048711e-03
1.071392499999999748e+00,1.019437206495381054e-01,3.198894981325040732e+01,2.838011018295268784e+01,3.608839630297719037e+00,7.747481347995808232e-01,1.224630960568343144e+05,8.648503669380134262e-01,1.612883168484870525e-02,1.757474696720914409e+01,1.176745990218847071e-01,2.194545870317094003e-03
1.078447499999999781e+00,1.013864273820465067e-01,3.182532125591457728e+01,2.824629027300122175e+01,3.579030982913354642e+00,7.716616779367575507e-01,1.224341095408408728e+05,8.616088983465547413e-01,1.613090702968012283e-02,1.766716777417180495e+01,1.178221580389072903e-01,2.205848014115384479e-03
1.085502499999999815e+00,1.008327723280189464e-01,3.165972025560464687e+01,2.811190219396631917e+01,3.547818061638329468e+00,7.684135603052828500e-01,1.224033683130231802e+05,8.581976498659396047e-01,1.613312330491544974e-02,1.775971479385696483e+01,1.179408121933523956e-01,2.217150869726177559e-03
1.092557499999999848e+00,1.002826648490998257e-01,3.149140507706759351e+01,2.797619932565830325e+01,3.515205751409289370e+00,7.650013507698927295e-01,1.223708097453833470e+05,8.546140682615215312e-01,1.613548759628025478e-02,1.785238704285418265e+01,1.180297813604236495e-01,2.228453923075366609e-03
1.099612499999999882e+00,9.973617858828634497e-02,3.132093454146975731e+01,2.784007058964006731e+01,3.480863951829690439e+00,7.614413496642246093e-01,1.223365486574633105e+05,8.508752725217918478e-01,1.613799419446683078e-02,1.794518029657988123e+01,1.180911603956366629e-01,2.239757720581576385e-03
1.106667499999999693e+00,9.919355618914454942e-02,3.115348244277478429e+01,2.770850213007521035e+01,3.444980312699573943e+00,7.577659302125063778e-01,1.223008594644506084e+05,8.470152617577715315e-01,1.614062541170341314e-02,1.803808274151505842e+01,1.181295519244353054e-01,2.251063155235034658e-03
1.113722499999999727e+00,9.865474910302045319e-02,3.099077844888075717e+01,2.758299723687776961e+01,3.407781212002988003e+00,7.539762718590349300e-01,1.222637187688417762e+05,8.430352746492197902e-01,1.614338520572933255e-02,1.813109071637577330e+01,1.181448284906679441e-01,2.262369717783485612e-03
1.120777499999999760e+00,9.811941751400957146e-02,3.083080237339382279e+01,2.746157088680692127e+01,3.369231486586900637e+00,7.500415828685080832e-01,1.222247837950600806e+05,8.389029730014699870e-01,1.614630165327267386e-02,1.822420711646006097e+01,1.181318733033403096e-01,2.273675171751453079e-03
1.127832499999999794e+00,9.758699980350268866e-02,3.066424845166571345e+01,2.733557324336192096e+01,3.328675208303794264e+00,7.459102759322616683e-01,1.221834882744423667e+05,8.345641786263335860e-01,1.614942068252590499e-02,1.831744430154037317e+01,1.180822382526131309e-01,2.284976745364865509e-03
1.134887499999999827e+00,9.705760583084881155e-02,3.049265424154249615e+01,2.720657132480704732e+01,3.286082916735450166e+00,7.416031009550922981e-01,1.221399751415793580e+05,8.300406835551463747e-01,1.615273552450236308e-02,1.841079656792188146e+01,1.179987001267077673e-01,2.296275150295260144e-03
1.141942499999999860e+00,9.653179572870346226e-02,3.033038994358086882e+01,2.708811689452008054e+01,3.242273049060787837e+00,7.371863380606373806e-01,1.220948596082839795e+05,8.254020967112007945e-01,1.615620269915863522e-02,1.850424290344014366e+01,1.178912861111767879e-01,2.307572905939809203e-03
1.148997499999999894e+00,9.600895710829789043e-02,3.016829478235827722e+01,2.697144447540771850e+01,3.196850306950558274e+00,7.326027213654076053e-01,1.220475004065037792e+05,8.205882761353047172e-01,1.615987497430939127e-02,1.859779529667266829e+01,1.177505915403701253e-01,2.318866711580461377e-03
1.156052499999999705e+00,9.548860304129042076e-02,2.999590744222561156e+01,2.684645402689318772e+01,3.149453415332422956e+00,7.278098885483246239e-01,1.219973815888080717e+05,8.155547319352158819e-01,1.616379713935373746e-02,1.869146302069665566e+01,1.175694142787343938e-01,2.330154050709448438e-03
1.163107499999999739e+00,9.497161753125360484e-02,2.983681458987408774e+01,2.673565645880603725e+01,3.101158131068049162e+00,7.229104394635719188e-01,1.219455043655646004e+05,8.104092168577261557e-01,1.616789520378486902e-02,1.878521999776516793e+01,1.173637259793516574e-01,2.341439834207867127e-03
1.170162499999999772e+00,9.445715440447498279e-02,2.967905890350340670e+01,2.662790247261290233e+01,3.051156430890504812e+00,7.178207386628161490e-01,1.218909104192792729e+05,8.050638950149702211e-01,1.617224926998523521e-02,1.887907835755818908e+01,1.171196854278613031e-01,2.352718534379696913e-03
1.177217499999999806e+00,9.394421778636004305e-02,2.949710724164446063e+01,2.649869329446430655e+01,2.998413947180153194e+00,7.124436781689849063e-01,1.218324410689182841e+05,7.994167813568885395e-01,1.617695870646370868e-02,1.897305289072369305e+01,1.168209843415551202e-01,2.363983698883726989e-03
1.184272499999999839e+00,9.343482796390509271e-02,2.934055155879971011e+01,2.639525936866857947e+01,2.945292190131128862e+00,7.070115949668829280e-01,1.217725285984525253e+05,7.937118815742620903e-01,1.618183318867775361e-02,1.906710947317830929e+01,1.165049836128103644e-01,2.375250080335027884e-03
1.191327499999999873e+00,9.292750807427306581e-02,2.918380421904610955e+01,2.629308649746705129e+01,2.890717721579060040e+00,7.013720600208490641e-01,1.217094099931714445e+05,7.877891111580630490e-01,1.618702100537497759e-02,1.916126564780939034e+01,1.161464017943483612e-01,2.386507021885734062e-03
1.198382499999999684e+00,9.242119266399571875e-02,2.899904286723237234e+01,2.616521832066228370e+01,2.833824546570088643e+00,6.954184387833980407e-01,1.216417380058545968e+05,7.815364800330040218e-01,1.619264177734073759e-02,1.925552544529036680e+01,1.157269966962154034e-01,2.397745785827139209e-03
1.205437499999999718e+00,9.191842296003036039e-02,2.885092029654832402e+01,2.607378874398098390e+01,2.777131552567341455e+00,6.894478715444605221e-01,1.215727771680726291e+05,7.752660518241009102e-01,1.619843089353589782e-02,1.934987212239607146e+01,1.152955754405464855e-01,2.408989026038103800e-03
1.212492499999999751e+00,9.141677377779837410e-02,2.869037099177155525e+01,2.597231619322345608e+01,2.718054798548099615e+00,6.832015152777235478e-01,1.214994267355221527e+05,7.687059835809403330e-01,1.620465505579569629e-02,1.944431573861103146e+01,1.148086452506945632e-01,2.420215964814106512e-03
1.219547499999999784e+00,9.091615425163156183e-02,2.851909934808427494e+01,2.586253286195265488e+01,2.656566486131619609e+00,6.766830881662057040e-01,1.214215344882577774e+05,7.618601802255771105e-01,1.621133816837572530e-02,1.953884943974444965e+01,1.142661028921140298e-01,2.431425717272691842e-03
1.226602499999999818e+00,9.041740184682461878e-02,2.836130495446321476e+01,2.576767955306215185e+01,2.593625401401062014e+00,6.700047500599347616e-01,1.213402661319280742e+05,7.548464346341938747e-01,1.621838997337607391e-02,1.963347826027420240e+01,1.136863267149646750e-01,2.442628191252526476e-03
1.233657499999999851e+00,8.991944281836729280e-02,2.819967827906404523e+01,2.567179803200827592e+01,2.527880247055770635e+00,6.630625868160360259e-01,1.212541707883553026e+05,7.475556137635288589e-01,1.622594669225035577e-02,1.972819740683807410e+01,1.130511632393866317e-01,2.453813621951391865e-03
1.240712499999999885e+00,8.942166472942307542e-02,2.801958854650821706e+01,2.556050769257197430e+01,2.459080853936242317e+00,6.558041889760394261e-01,1.211623392178175854e+05,7.399326759845956669e-01,1.623410221869856299e-02,1.982299287449317760e+01,1.123508902549569533e-01,2.464975390272839545e-03
1.247767499999999696e+00,8.892562239699174087e-02,2.786355377621319818e+01,2.547461365306494230e+01,2.388940123148256323e+00,6.484290495634212892e-01,1.210670721295455005e+05,7.321871334981324697e-01,1.624266434506988280e-02,1.991789562459299745e+01,1.116192299334841653e-01,2.476134315011675226e-03
1.254822499999999730e+00,8.842954966919840121e-02,2.770216430310191669e+01,2.538652094622576882e+01,2.315643356876147418e+00,6.407602393565520194e-01,1.209658502466687205e+05,7.241331711314953345e-01,1.625187208364569161e-02,2.001288478488308087e+01,1.108251574201062212e-01,2.487272167393086379e-03
1.261877499999999763e+00,8.793268667849615805e-02,2.752312612911433121e+01,2.528464903675580899e+01,2.238477092358522214e+00,6.327361540003985096e-01,1.208575001404008799e+05,7.157060905620407087e-01,1.626185105868016220e-02,2.010794044675155945e+01,1.099571177778319170e-01,2.498380684088720265e-03
1.268932499999999797e+00,8.743608770582371459e-02,2.735562262223376351e+01,2.519689287996754246e+01,2.158729742266220608e+00,6.245048360223610651e-01,1.207436681020372926e+05,7.070613694860709009e-01,1.627246802633283349e-02,2.020309817927899587e+01,1.090402621494592217e-01,2.509476908206311439e-03
1.275987499999999830e+00,8.693886729959642012e-02,2.719154873201727085e+01,2.511573110697210964e+01,2.075817625045160320e+00,6.159989896553895727e-01,1.206230778736801440e+05,6.981283323280225162e-01,1.628385995265293346e-02,2.029835083094224402e+01,1.080622139730667564e-01,2.520553710580873252e-03
1.283042499999999864e+00,8.643977034252546543e-02,2.701180327012840010e+01,2.502361235973745224e+01,1.988190910390949195e+00,6.071129983808942754e-01,1.204937575083502888e+05,6.887960581701688678e-01,1.629623716339052494e-02,2.039366445979455378e+01,1.070034813328984008e-01,2.531597108354159860e-03
1.290097499999999675e+00,8.593922876817672307e-02,2.683165949348504853e+01,2.493478815926108183e+01,1.896871334223968253e+00,5.979319820596317170e-01,1.203564106159516377e+05,6.791539418647355442e-01,1.630955908555230607e-02,2.048906317348058082e+01,1.058783078515025816e-01,2.542617234968952335e-03
1.297152499999999709e+00,8.543721313201725620e-02,2.666191236520733199e+01,2.485938323349451906e+01,1.802529131712811372e+00,5.884948446316218273e-01,1.202111073833207774e+05,6.692428412319552100e-01,1.632384447364206015e-02,2.058457241928601178e+01,1.046929939676199961e-01,2.553620368746012826e-03
1.304207499999999742e+00,8.493234412354318252e-02,2.649339511900711130e+01,2.478898780746399666e+01,1.704407311543112868e+00,5.787058536577955881e-01,1.200557683360169904e+05,6.589622158436876376e-01,1.633932753447867731e-02,2.068017677930840748e+01,1.034296914242757437e-01,2.564595608577623868e-03
1.311262499999999775e+00,8.442308531462995591e-02,2.630980061042179230e+01,2.470811578819498777e+01,1.601684822226804306e+00,5.684587997216630217e-01,1.198878817146664660e+05,6.482005221070782364e-01,1.635629822535358477e-02,2.077583048462244619e+01,1.020682088604933230e-01,2.575527181038159488e-03
1.318317499999999809e+00,8.390961935837901176e-02,2.613020684467165466e+01,2.463468578224148331e+01,1.495521062430169579e+00,5.578390180612673444e-01,1.197079028807815193e+05,6.370473810685747251e-01,1.637475514704024929e-02,2.087158340768888820e+01,1.006230303341252852e-01,2.586428471161301805e-03
1.325372499999999842e+00,8.339095903369787843e-02,2.595599507382328142e+01,2.456995472642710254e+01,1.386040347396177763e+00,5.468200295988794313e-01,1.195143734558790165e+05,6.254749837865313244e-01,1.639489535279774896e-02,2.096744424000390339e+01,9.908844603550050201e-02,2.597297646643880950e-03
1.332427499999999876e+00,8.286516696876883303e-02,2.577001272166540247e+01,2.449738653962523216e+01,1.272626182040171638e+00,5.352901717928830738e-01,1.193040531412129931e+05,6.133660596695945655e-01,1.641711505499850177e-02,2.106335341258383309e+01,9.744283055618221945e-02,2.608116532217812956e-03
1.339482499999999687e+00,8.233195881170139729e-02,2.559383550471312319e+01,2.443704548812087296e+01,1.156790016592249559e+00,5.233243475652458176e-01,1.190768154143628344e+05,6.007992735038790721e-01,1.644149563826900751e-02,2.115938737102576894e+01,9.569894208835844074e-02,2.618900868099243925e-03
1.346537499999999721e+00,8.178910176540636623e-02,2.541427364933700161e+01,2.437639833979682535e+01,1.037875309540175595e+00,5.108210930804376604e-01,1.188289884613680042e+05,5.876680656157337035e-01,1.646850973061858223e-02,2.125549814908370649e+01,9.383680591129954507e-02,2.629634723508838395e-03
1.353592499999999754e+00,8.123506520810015730e-02,2.524504449253104355e+01,2.432953420906096653e+01,9.155102834700784564e-01,4.977845658028090536e-01,1.185585163801807794e+05,5.739768022706572825e-01,1.649847643726866722e-02,2.135175358324316619e+01,9.185611692169977360e-02,2.640326185059019455e-03
1.360647499999999788e+00,8.066597085784624199e-02,2.505730624622702152e+01,2.426975805928746510e+01,7.875481869395568602e-01,4.840280083521878995e-01,1.182587523540575057e+05,5.595293465359281182e-01,1.653225318868182733e-02,2.144802236359094039e+01,8.972032818091771333e-02,2.650940814528507210e-03
1.367702499999999821e+00,8.008065834286200169e-02,2.487660262351083063e+01,2.422170273312535116e+01,6.548998903854800213e-01,4.696473595901855536e-01,1.179283802681654197e+05,5.444264556294292623e-01,1.657013538787355938e-02,2.154443081544726368e+01,8.744601372743385226e-02,2.661502341796012118e-03
1.374757499999999855e+00,7.947565949505308591e-02,2.471381953602370629e+01,2.419679411783344136e+01,5.170254181902640411e-01,4.545963705949001565e-01,1.175623899919513206e+05,5.286195578605791257e-01,1.661286798663361153e-02,2.164106314448770618e+01,8.502324242593291281e-02,2.672015972950634363e-03
1.381812499999999888e+00,7.884310337404218383e-02,2.453105223173210447e+01,2.416016327470700986e+01,3.708889570250928358e-01,4.385594390657172603e-01,1.171475467013075104e+05,5.117772003724934127e-01,1.666223135772591443e-02,2.173771116173989171e+01,8.239016703030004052e-02,2.682425132775269946e-03
1.388867499999999700e+00,7.817725312778550650e-02,2.434480191957279160e+01,2.412697175271111405e+01,2.178301668616758335e-01,4.215011218169105733e-01,1.166752265680403216e+05,4.938621599093740988e-01,1.671957292586242691e-02,2.183446586311112370e+01,7.953795375531960699e-02,2.692736407320558186e-03
1.395922499999999733e+00,7.708603272188092881e-02,2.413138503467787999e+01,2.405488829109967241e+01,7.649674357820641923e-02,4.032026490386783624e-01,1.155552917118553887e+05,4.770009105270349714e-01,1.683735094716863959e-02,2.193100173988554147e+01,7.642139356445398768e-02,2.697550035899729318e-03
1.402977499999999766e+00,7.577809687128143901e-02,2.397615966699775214e+01,2.403327709090859798e+01,-5.711742391084533715e-02,3.841070459367686984e-01,1.140970368175491603e+05,4.602179755909173720e-01,1.699412413461902360e-02,2.202799644699650372e+01,7.312407380994256911e-02,2.700197848551252802e-03
1.410032499999999800e+00,7.434221453344179442e-02,2.384893517402245067e+01,2.403780374968816957e+01,-1.888685756657203785e-01,3.638550167781983147e-01,1.124295808658879541e+05,4.424186693381258473e-01,1.718328681601640276e-02,2.212531303231531510e+01,6.957462880390268001e-02,2.702238591431681443e-03
1.417087499999999833e+00,7.235086112375320455e-02,2.371952061682016222e+01,2.401064397141859885e+01,-2.911233545984350246e-01,3.419151650313055901e-01,1.098983587358860095e+05,4.253170829171451506e-01,1.749621883589744242e-02,2.222244439573308838e+01,6.566641372224157891e-02,2.701311540963272952e-03
1.424142499999999867e+00,6.955837563638180010e-02,2.370214968051889315e+01,2.404288056316584843e+01,-3.407308826469552243e-01,3.184941509838807305e-01,1.061217341295472143e+05,4.102823104192869774e-01,1.800717332131776538e-02,2.232025915083653445e+01,6.143753754716945598e-02,2.696475960458180696e-03
1.431197499999999678e+00,6.634335089230508631e-02,2.372311138998311719e+01,2.409512287222505833e+01,-3.720114822419408607e-01,2.928837402707932247e-01,1.016620369612297654e+05,3.938420872133956974e-01,1.866961549859489158e-02,2.241845762595177405e+01,5.674584911999302345e-02,2.689969453766176931e-03
1.438252499999999712e+00,6.253767198101521652e-02,2.381625118275781716e+01,2.421218198548792344e+01,-3.959308027301057242e-01,2.644555982459952381e-01,9.625446220104223175e+04,3.755930631952988930e-01,1.956900217751338100e-02,2.251767194705842456e+01,5.146468981214964017e-02,2.681393043926729239e-03
1.445307499999999745e+00,5.645579623029815114e-02,2.404004316610185654e+01,2.427258117195100695e+01,-2.325380058491519908e-01,2.313963005186766009e-01,8.727458113572196453e+04,3.624551774141389071e-01,2.123275596252605091e-02,2.261640446637394675e+01,4.522859329590878802e-02,2.649507425529499388e-03
1.452362499999999779e+00,4.851554065297715435e-02,2.412787122259408079e+01,2.410610401744924403e+01,2.176720514483758417e-02,1.919234153878224547e-01,7.531679321376462758e+04,3.483548107160580609e-01,2.399478845320249590e-02,2.271199434010139839e+01,3.767179738591232285e-02,2.594845201272843582e-03
1.459417499999999812e+00,3.750764624320978430e-02,2.487859325593821325e+01,2.422806120895786464e+01,6.505320469803484995e-01,1.463895188201561337e-01,5.848349920609263791e+04,3.421860520962110574e-01,2.883800509261446460e-02,2.281171118648992291e+01,2.886030752796416368e-02,2.432225657262742594e-03
1.466472499999999846e+00,2.038718196007732741e-02,2.523012528583996428e+01,2.245552706502936147e+01,2.774598220810604143e+00,8.240125614055403280e-02,3.190054540257108602e+04,3.531192500873134299e-01,4.145488388851907569e-02,2.289207896184612423e+01,1.630242362490643207e-02,1.913843774602608109e-03
