RHO   : 1.225
NU    : 1.463e-05
B     : 2
U_inf : 7.9
RPM   : 140
power : 188.01420530060614
R_out : 1.375
R_in  : 0.059
N     : 200
M     : 200
dt    : 0.05
thrust: 20.990420378579408
eta   : 0.8819776182637341
optsucess:Optimization terminated successfully
îºåar[m],óÉå∑í∑chord[m],éÊïtäptheta[deg],ó¨ì¸äpphi[deg],å}äpalpha[deg],èzä¬gamma,Re,ógóÕåWêîCL,çRóÕåWêîCD,ó¨ì¸ë¨ìxV,ã«èäógóÕdL,ã«èäçRóÕdD
6.228999999999999815e-02,9.712835431211262402e-03,nan,8.064435613849114759e+01,nan,1.431390105753516107e-02,5.290300156898926616e+03,3.698821446118117362e-01,7.953261814593470813e-02,7.968537286930982511e+00,9.193875160723318125e-04,1.976880941918955842e-04
6.887000000000000066e-02,1.734614954828744837e-02,nan,7.999080899865603556e+01,nan,2.541293299709971101e-02,9.461854542640172440e+03,3.671674671610671847e-01,6.020929394589272926e-02,7.980268564702438283e+00,1.634685765504338825e-03,2.680609927819166036e-04
7.545000000000000318e-02,2.527393564606801243e-02,8.272476714917378615e+01,7.937809771991661023e+01,3.346669429257179029e+00,3.680435624831260299e-02,1.380793851898904904e+04,3.643812746354181398e-01,5.232898436548501231e-02,7.992824835899171809e+00,2.371163513274143590e-03,3.405240253859917379e-04
8.203000000000000569e-02,3.353626878586368071e-02,8.173214741427275953e+01,7.856204074687424566e+01,3.170106667398516986e+00,4.854468340639665064e-02,1.835723781124879315e+04,3.615097447962432597e-01,4.794300959766852749e-02,8.008237019252923972e+00,3.133578464454103360e-03,4.155715981627162406e-04
8.860999999999999432e-02,4.290489979782316499e-02,8.092145071857797234e+01,7.787132190981408542e+01,3.050128808763886923e+00,6.167390277143110916e-02,2.353109293045930099e+04,3.582985101633302527e-01,4.488890029093185741e-02,8.023789618315017691e+00,3.988806300684121821e-03,4.997317131729880077e-04
9.518999999999999684e-02,5.368653333354482526e-02,8.011074608736078062e+01,7.721661061015475980e+01,2.894135477206021712e+00,7.653038795641076142e-02,2.950449310898146723e+04,3.545940358517606361e-01,4.229533011706133189e-02,8.040205008258404007e+00,4.959786928764871317e-03,5.915943424104672501e-04
1.017699999999999994e-01,6.729038861049305154e-02,8.004220650489858713e+01,7.763743839879096242e+01,2.404768106107631365e+00,9.479876540897592962e-02,3.702390024854116928e+04,3.500307381119673322e-01,3.897203955782740925e-02,8.049584373357188127e+00,6.150892270166477549e-03,6.848336182183629300e-04
1.083499999999999880e-01,8.064425132184191436e-02,7.944285640829257034e+01,7.771567855554454241e+01,1.727177852748021492e+00,1.124606443628710789e-01,4.445171723162477429e+04,3.458578951269937196e-01,3.519117715554221509e-02,8.064165919319950859e+00,7.310077892666528264e-03,7.438033069830085869e-04
1.149299999999999905e-01,9.217187051912173468e-02,7.817743787789564180e+01,7.704607446547514371e+01,1.131363412420494541e+00,1.278484476523640001e-01,5.093003998046371998e+04,3.431682591437615337e-01,3.186838646691291660e-02,8.083881565142007730e+00,8.330621131272839680e-03,7.736247355254866455e-04
1.215099999999999930e-01,1.029626218268387822e-01,7.724072175390388395e+01,7.650980228993617516e+01,7.309194639677116800e-01,1.427949069390014314e-01,5.703463932336620928e+04,3.422627912287112273e-01,2.936121007099000077e-02,8.104074648605578801e+00,9.327776527603933929e-03,8.001886653791023644e-04
1.280899999999999817e-01,1.129546314693353343e-01,7.637828069719783741e+01,7.593504266538201364e+01,4.432380318158246624e-01,1.572357180938871446e-01,6.273533569650852587e+04,3.426294205039758234e-01,2.741176905774934253e-02,8.125545179518264050e+00,1.029830381848497421e-02,8.239068482315942393e-04
1.346699999999999842e-01,1.218463264775140886e-01,7.554446612135528483e+01,7.529767779073945633e+01,2.467883306158228374e-01,1.712372240305894411e-01,6.786404316073941300e+04,3.449404440454094112e-01,2.586075110253495749e-02,8.148386415447999909e+00,1.124687263862069429e-02,8.431964967001413531e-04
1.412499999999999867e-01,1.305026073308437617e-01,7.478501812151996830e+01,7.469960373382410523e+01,8.541438769585973922e-02,1.851624851091018265e-01,7.289711149398321868e+04,3.472388829646611552e-01,2.455723287824683118e-02,8.172133591578557343e+00,1.219692745583188936e-02,8.625842399177082115e-04
1.478299999999999892e-01,1.389888636800199473e-01,7.432469716565928763e+01,7.436347729549983399e+01,-3.878012984055069501e-02,1.993427234044114482e-01,7.786271522148532677e+04,3.499907065316229526e-01,2.341322837283759187e-02,8.195847447985746825e+00,1.316910425143735276e-02,8.809698073418709835e-04
1.544099999999999639e-01,1.455215458198949041e-01,7.357058268052171002e+01,7.368953469244753762e+01,-1.189520119258275499e-01,2.124213213690603619e-01,8.178277597885520663e+04,3.550764978282813789e-01,2.244095584402931720e-02,8.222026544794132974e+00,1.407793523526336410e-02,8.897303114170989572e-04
1.609899999999999942e-01,1.516423473882099193e-01,7.287794272028236264e+01,7.307414260759769320e+01,-1.961998873153281697e-01,2.251878087136719997e-01,8.550247393788257614e+04,3.600409206510964411e-01,2.160472076500206604e-02,8.249022883488276392e+00,1.497301865021656922e-02,8.984753354204932799e-04
1.675699999999999690e-01,1.573718754653845586e-01,7.218174189677357333e+01,7.245010095135607742e+01,-2.683590545825076945e-01,2.376469874992844233e-01,8.903504242156597320e+04,3.648858423470344725e-01,2.087877104567198092e-02,8.277099493003282404e+00,1.585522725741719471e-02,9.072362403961647384e-04
1.741499999999999992e-01,1.627785498005882570e-01,7.150837357764176261e+01,7.184280240158491893e+01,-3.344288239431496557e-01,2.498934658093406869e-01,9.241705976824187383e+04,3.696480525604189382e-01,2.023899023556049309e-02,8.306140987652984364e+00,1.673077971795878388e-02,9.160445591411169519e-04
1.807299999999999740e-01,1.678684915881466233e-01,7.083266274280963160e+01,7.122203583384386150e+01,-3.893730910342286244e-01,2.619123193858758358e-01,9.565254640472577012e+04,3.743217477898750922e-01,1.967224356483615946e-02,8.336268114771998583e+00,1.759906450037588416e-02,9.249077442302449086e-04
1.873099999999999765e-01,1.715347127820204820e-01,7.028634513988338028e+01,7.068317004912690038e+01,-3.968249092435252035e-01,2.738699675730779104e-01,9.810252843798694084e+04,3.816364779149559738e-01,1.924892642745815521e-02,8.367052754340138065e+00,1.847051054233098469e-02,9.316129853450422780e-04
1.938899999999999790e-01,1.746759385019628075e-01,6.965534907383509733e+01,7.004179753444087453e+01,-3.864484606057825844e-01,2.853797940948605838e-01,1.002839273154920229e+05,3.890250402929305573e-01,1.888830520180745029e-02,8.399289960644248154e+00,1.932091886828394070e-02,9.380872040748660474e-04
2.004699999999999815e-01,1.775963563766302655e-01,6.908065948633762332e+01,6.944829077973795961e+01,-3.676312934003420074e-01,2.967636779413163062e-01,1.023614543099437724e+05,3.963327556389414363e-01,1.856123257971566132e-02,8.432313067158952791e+00,2.017062937138314541e-02,9.446399211640149054e-04
2.070499999999999841e-01,1.802815869104013591e-01,6.849183524697191672e+01,6.884706740708337236e+01,-3.552321601114504235e-01,3.079444762421431614e-01,1.043286708887774439e+05,4.035101032318760272e-01,1.826548060435565640e-02,8.466357997288920245e+00,2.101507910806772739e-02,9.512785845335628918e-04
2.136299999999999866e-01,1.827542325971542869e-01,6.790174658367797633e+01,6.824175704566675904e+01,-3.400104619887868718e-01,3.189467050216538424e-01,1.061973288034798607e+05,4.105728207698264298e-01,1.799651193505220903e-02,8.501400478202128852e+00,2.185599473180747238e-02,9.580070821685475512e-04
2.202099999999999891e-01,1.850505124938033596e-01,6.733808912402635372e+01,6.765898647875911820e+01,-3.208973547327643727e-01,3.298437135804877518e-01,1.079858069404901471e+05,4.175679937481412973e-01,1.774952170818847388e-02,8.537303324638312318e+00,2.269817319836394884e-02,9.648290193514766399e-04
2.267899999999999916e-01,1.871649872337999010e-01,6.677406463409744219e+01,6.706874232971247807e+01,-2.946776956150380378e-01,3.405893665296663153e-01,1.096917181972924882e+05,4.244660062383222021e-01,1.752306176634002913e-02,8.574198951119752721e+00,2.353892491393995423e-02,9.717481002439115135e-04
2.333699999999999941e-01,1.891185609284577185e-01,6.625024468223429608e+01,6.651453385917810124e+01,-2.642891769438003302e-01,3.512637367998062143e-01,1.113234993172136456e+05,4.313523190630375037e-01,1.731453330398845941e-02,8.611861189166662101e+00,2.438329092666076739e-02,9.787481929564162408e-04
2.399499999999999689e-01,1.898344252808419619e-01,6.573518855928152504e+01,6.593713620247544327e+01,-2.019476431939133676e-01,3.617342506206283614e-01,1.122471735296944971e+05,4.405547491337066801e-01,1.720461520708830086e-02,8.650570866216638066e+00,2.522297922792087962e-02,9.850118579951049145e-04
2.465299999999999714e-01,1.904425786645618790e-01,6.523378507522404846e+01,6.537062855204466416e+01,-1.368434768206116259e-01,3.720709117548325340e-01,1.131219533349730627e+05,4.496395374143500878e-01,1.710346788791494363e-02,8.690147911752774235e+00,2.606242780551868907e-02,9.913672174295859972e-04
2.531100000000000017e-01,1.909471591704516580e-01,6.473008710751676631e+01,6.479967920205447740e+01,-6.959209453770930087e-02,3.822612316974696167e-01,1.139504221980449802e+05,4.585957078826395916e-01,1.701033521856899766e-02,8.730659749010682091e+00,2.690105425483265214e-02,9.978199593719699369e-04
2.596899999999999764e-01,1.913650495211895730e-01,6.424535932630728041e+01,6.424568235789691073e+01,-3.230315896341935666e-04,3.923627148844812673e-01,1.147403378742617351e+05,4.674738006132613810e-01,1.692396143148311785e-02,8.771983950572826316e+00,2.774262436814388735e-02,1.004366670813747675e-03
2.662700000000000067e-01,1.916965367294411748e-01,6.375986521845502608e+01,6.368949536770937669e+01,7.036985074565235698e-02,4.023500206642941501e-01,1.154923719564395142e+05,4.762515439605217171e-01,1.684394680225209315e-02,8.814209325583551191e+00,2.858573547121306957e-02,1.011013221240657364e-03
2.728500000000000369e-01,1.919556661576052869e-01,6.329128993730157049e+01,6.314906271907354096e+01,1.422272182280268082e-01,4.122776132217927936e-01,1.162129307595274149e+05,4.849768059528032360e-01,1.676932875425155359e-02,8.857228395727272385e+00,2.943401989946224998e-02,1.017757447768130076e-03
2.794300000000000117e-01,1.918081495113160839e-01,6.288763704368553675e+01,6.266351013431247452e+01,2.241269093730655360e-01,4.221932945702502327e-01,1.166950578672879783e+05,4.945890957907205787e-01,1.671714173680760238e-02,8.900814177854840636e+00,3.029026327260644913e-02,1.023812754229508088e-03
2.860099999999999865e-01,1.912928739549058510e-01,6.244709600548581818e+01,6.213634820746979415e+01,3.107477980160261444e-01,4.318405755027161508e-01,1.169655135191287991e+05,5.047208940064148441e-01,1.668419061485795774e-02,8.945474169561814293e+00,3.113786234039450651e-02,1.029301613615675676e-03
2.925900000000000167e-01,1.907387945766835236e-01,6.200149880886840492e+01,6.160558502443286244e+01,3.959137844355447022e-01,4.412926625725337448e-01,1.172201691916991695e+05,5.146476950997965760e-01,1.665352080165991358e-02,8.990992519799625882e+00,3.198131559706493543e-02,1.034885630755411155e-03
2.991700000000000470e-01,1.901534471519394365e-01,6.157125841810366040e+01,6.109047650791930550e+01,4.807819101843560650e-01,4.506079872680029963e-01,1.174617078658774553e+05,5.244308651752681572e-01,1.662475974158418232e-02,9.037252870334095078e+00,3.282443823940900396e-02,1.040553551706509955e-03
3.057500000000000218e-01,1.895347635278527842e-01,6.113051574838569735e+01,6.056647553693682084e+01,5.640402114488785035e-01,4.597465731456462645e-01,1.176900643460278370e+05,5.340284200445868379e-01,1.659787177221128118e-02,9.084379083467513993e+00,3.366477620748462019e-02,1.046318169144194602e-03
3.123299999999999965e-01,1.888903545205541379e-01,6.070469631596445481e+01,6.005784544092415445e+01,6.468508750403003660e-01,4.687717133836421524e-01,1.179076706830226030e+05,5.435068316716382686e-01,1.657253226758156547e-02,9.132225022664753666e+00,3.450642635767443150e-02,1.052164997618608346e-03
3.189100000000000268e-01,1.882205064109941373e-01,6.028384500831346315e+01,5.955517316759088686e+01,7.286718407225745153e-01,4.776683970530076206e-01,1.181148767757411115e+05,5.528503352306075591e-01,1.654866793925544380e-02,9.180830931651117410e+00,3.534845862197323607e-02,1.058098126422480495e-03
3.254900000000000015e-01,1.875275449457412535e-01,5.987195297062635291e+01,5.906203842008545735e+01,8.099145505408963386e-01,4.864375819471895568e-01,1.183123717173492041e+05,5.620599366183899326e-01,1.652616904810642884e-02,9.230164020574342487e+00,3.619082820651527838e-02,1.064113817701129675e-03
3.320700000000000318e-01,1.868103814763011072e-01,5.945345851995402597e+01,5.856347925881660643e+01,8.899792611374213180e-01,4.950470867915849338e-01,1.185000737360679486e+05,5.711018383139134791e-01,1.650501584621015885e-02,9.280298370241307993e+00,3.703142555465827740e-02,1.070219397983149549e-03
3.386500000000000066e-01,1.860741266322878673e-01,5.904573254934877724e+01,5.807638180710426212e+01,9.693507422445166721e-01,5.035397749069608908e-01,1.186794953728532564e+05,5.800210563709147227e-01,1.648501158673643802e-02,9.331125443012350473e+00,3.787300730633922502e-02,1.076403963980062523e-03
3.452299999999999813e-01,1.853187371668603145e-01,5.863935212396305729e+01,5.759125550863178944e+01,1.048096615331267190e+00,5.119023095692996073e-01,1.188508558579171513e+05,5.888035842524684815e-01,1.646610875244061342e-02,9.382688700472471055e+00,3.871474283688539769e-02,1.082672019879528380e-03
3.518100000000000116e-01,1.845475603456228630e-01,5.824481978932251991e+01,5.711834787672641767e+01,1.126471912596102243e+00,5.201582392337897875e-01,1.190150899726697680e+05,5.974741530924491117e-01,1.644818323657190259e-02,9.434916197424858098e+00,3.955810796105956040e-02,1.089016160561715558e-03
3.583899999999999864e-01,1.837599589253834376e-01,5.785166039799298687e+01,5.664715935270407243e+01,1.204501045288914884e+00,5.282836938467008192e-01,1.191721397645638936e+05,6.060076940067337103e-01,1.643122192265090292e-02,9.487858045633984716e+00,4.040148854237525511e-02,1.095441247380976547e-03
3.649700000000000166e-01,1.829584013115935770e-01,5.746703608640267191e+01,5.618460934350058977e+01,1.282426742902082806e+00,5.362923224741289463e-01,1.193226626936761313e+05,6.144185415611435053e-01,1.641513540281311009e-02,9.541461571012657572e+00,4.124567994716406283e-02,1.101941714508651625e-03
3.715499999999999914e-01,1.821430440975735088e-01,5.708485520868311625e+01,5.572498804578155074e+01,1.359867162901568838e+00,5.441712823348481276e-01,1.194667804204136482e+05,6.226932079689304622e-01,1.639989359923215220e-02,9.595749352988526937e+00,4.208976458247441765e-02,1.108519656125350533e-03
3.781300000000000217e-01,1.813156923357297778e-01,5.670880504740272698e+01,5.527210976332599301e+01,1.436695284076736856e+00,5.519292924380316823e-01,1.196049916595711984e+05,6.308408501357767317e-01,1.638542772820382465e-02,9.650687182328949731e+00,4.293422865002784888e-02,1.115171442147088344e-03
3.847099999999999964e-01,1.804770061767801137e-01,5.633626520498053480e+01,5.482355390690575803e+01,1.512711298074774557e+00,5.595620061573930437e-01,1.197375303057767160e+05,6.388569031339310644e-01,1.637169847137938741e-02,9.706278408993755491e+00,4.377870846031083757e-02,1.121897268171770769e-03
3.912900000000000267e-01,1.796282951737250000e-01,5.596881494973844440e+01,5.438099606318917978e+01,1.587818886549265285e+00,5.670741570956765454e-01,1.198647673852163571e+05,6.467463383027971524e-01,1.635865353053045021e-02,9.762501754802743292e+00,4.462343140845050071e-02,1.128694838334696332e-03
3.978700000000000014e-01,1.787703757519221726e-01,5.560548841338851389e+01,5.394361134466907259e+01,1.661877068719443296e+00,5.744647089105917592e-01,1.199869515264163201e+05,6.545080672516618847e-01,1.634625453061921974e-02,9.819351184154996304e+00,4.546823843611343119e-02,1.135563388326909931e-03
4.044500000000000317e-01,1.779041381680612210e-01,5.524605756914161248e+01,5.351128008442987749e+01,1.734777484711736317e+00,5.817343777002123018e-01,1.201043425498932193e+05,6.621428420433334017e-01,1.633446301136730686e-02,9.876816523767580236e+00,4.631308357760870187e-02,1.142501742231781655e-03
4.110300000000000065e-01,1.770305949254044053e-01,5.489144516599988322e+01,5.308499906532323820e+01,1.806446100676647459e+00,5.888860030557030445e-01,1.202172154767772154e+05,6.696536448823208199e-01,1.632324007331881904e-02,9.934880821963847808e+00,4.715805405626228436e-02,1.149508023489051456e-03
4.176099999999999812e-01,1.761502171600807798e-01,5.453940910212198645e+01,5.266266009224641920e+01,1.876749009875567253e+00,5.959158528496226737e-01,1.203257256974473712e+05,6.770365562018140215e-01,1.631255964105840853e-02,9.993546390884551656e+00,4.800279818372112789e-02,1.156582316178842622e-03
4.241900000000000115e-01,1.752642542595158059e-01,5.419300324902366839e+01,5.224732870442711175e+01,1.945674544596553313e+00,6.028314255721122228e-01,1.204301873276606057e+05,6.842994510900954896e-01,1.630238087164620833e-02,1.005278371250088654e+01,4.884770959415084962e-02,1.163721474922778778e-03
4.307699999999999863e-01,1.743727463101572839e-01,5.384767615834795151e+01,5.183461631664764013e+01,2.013059841700309605e+00,6.096241049133439560e-01,1.205306562165634241e+05,6.914332804987185499e-01,1.629268894241313673e-02,1.011260955488894808e+01,4.969210026406679220e-02,1.170927051578545463e-03
4.373500000000000165e-01,1.734772556066398186e-01,5.350896717322660834e+01,5.143012435647938929e+01,2.078842816747221267e+00,6.163077096579380187e-01,1.206275086471929390e+05,6.984525572358349921e-01,1.628343880168234281e-02,1.017297884576913880e+01,5.053679830289355135e-02,1.178194358189273627e-03
4.439299999999999913e-01,1.725775448205078832e-01,5.317101948454546090e+01,5.102819006986325689e+01,2.142829414682204003e+00,6.228697796487270288e-01,1.207207245063415467e+05,7.053441953553586385e-01,1.627462412911025863e-02,1.023391659305782930e+01,5.138083002717337006e-02,1.185525735719227718e-03
4.505100000000000215e-01,1.716750784670682539e-01,5.284009468499351669e+01,5.063460792836411883e+01,2.205486756629397860e+00,6.293230196230990003e-01,1.208106348286827706e+05,7.121215376671965469e-01,1.626620582124043909e-02,1.029537661101272583e+01,5.222492658456492909e-02,1.192916321006866299e-03
4.570899999999999963e-01,1.707693684363400244e-01,5.250897135892952150e+01,5.024240107138508193e+01,2.266570287544439122e+00,6.356510514563656900e-01,1.208971541551492992e+05,7.187673834848905541e-01,1.625818442799584554e-02,1.035739243803074494e+01,5.306781223595525426e-02,1.200369268760164906e-03
4.636700000000000266e-01,1.698619786935908205e-01,5.218476601638066370e+01,4.985849036125145517e+01,2.326275655129207198e+00,6.418699830718942456e-01,1.209806370514772570e+05,7.252986497232034591e-01,1.625052000358235063e-02,1.041991111651812751e+01,5.391046318016526340e-02,1.207879072497931297e-03
4.702500000000000013e-01,1.689523725085687045e-01,5.186016025746064884e+01,4.947565712108112024e+01,2.384503136379528598e+00,6.479636441958458448e-01,1.210609926811872137e+05,7.316983539854611251e-01,1.624321418433958414e-02,1.048296804968479279e+01,5.475160865755649559e-02,1.215449100736261737e-03
4.768300000000000316e-01,1.680421133877770257e-01,5.154280652333957846e+01,4.910133017694153779e+01,2.441476346398037123e+00,6.539501063683942350e-01,1.211385775994752476e+05,7.379854754223449387e-01,1.623622821725671447e-02,1.054650738764889084e+01,5.559237884623645376e-02,1.223073597174972535e-03
4.834100000000000064e-01,1.671306245433717141e-01,5.122531896250580274e+01,4.872823589293788871e+01,2.497083069567913149e+00,6.598126837500980502e-01,1.212132863765478978e+05,7.441424901782252022e-01,1.622956560651716076e-02,1.061056514647737359e+01,5.643144334387675820e-02,1.230755969600059140e-03
4.899899999999999811e-01,1.662193342702753818e-01,5.091516839415747597e+01,4.836351653869138545e+01,2.551651855466092744e+00,6.655681353120354027e-01,1.212854371055527736e+05,7.501869989132731176e-01,1.622319228710568037e-02,1.067508754408210869e+01,5.726983727377567279e-02,1.238490647917940514e-03
4.965700000000000114e-01,1.653075305200824296e-01,5.060391665958862006e+01,4.799904117656427616e+01,2.604875483024342575e+00,6.711976183010953667e-01,1.213548926866118127e+05,7.560992125310908030e-01,1.621711492440725336e-02,1.074011616058497154e+01,5.810605189152323602e-02,1.246281580130141750e-03
5.031499999999999861e-01,1.643967075541118428e-01,5.029968644623052398e+01,4.764275656824697336e+01,2.656929877983549293e+00,6.767216425959351467e-01,1.214219993112579250e+05,7.619006709819957646e-01,1.621129806526699565e-02,1.080559262015021282e+01,5.894142598946593842e-02,1.254122829260097315e-03
5.097300000000000164e-01,1.634862910132297287e-01,4.999546843269485663e+01,4.728758095156860719e+01,2.707887481126250773e+00,6.821245998718411530e-01,1.214866538954627758e+05,7.675749820413195756e-01,1.620574580739190390e-02,1.087155219850692411e+01,5.977467861533920096e-02,1.262017744224218970e-03
5.163100000000000467e-01,1.625775436186310541e-01,4.969830618079338080e+01,4.694033672320509254e+01,2.757969457588286488e+00,6.874241521689450352e-01,1.215491491145294858e+05,7.731406947933012752e-01,1.620042843172263269e-02,1.093794390027787955e+01,6.060695440909330545e-02,1.269961126068641427e-03
5.228900000000000770e-01,1.616699925574078267e-01,4.940207192556194116e+01,4.659498606526994280e+01,2.807085860291996138e+00,6.926058931172763833e-01,1.216093911147117324e+05,7.785826793340244745e-01,1.619534960017375222e-02,1.100479664695024518e+01,6.143702629599907816e-02,1.277955631006151517e-03
5.294699999999999962e-01,1.607646611420239791e-01,4.911263718939650857e+01,4.625723582097435127e+01,2.855401368422155972e+00,6.976829367814177951e-01,1.216676046941915702e+05,7.839147083583105635e-01,1.619048621527492682e-02,1.107206673426521171e+01,6.226568620135778526e-02,1.285996707778228575e-03
5.360500000000000265e-01,1.598610156469846000e-01,4.882373794710906623e+01,4.592083174462499784e+01,2.902906202484065279e+00,7.026385790134905829e-01,1.217236675810928864e+05,7.891192387825842758e-01,1.618584449418751167e-02,1.113978445278931773e+01,6.309148670766037692e-02,1.294087056263805218e-03
5.426299999999999457e-01,1.589599200050677563e-01,4.854041461338182017e+01,4.559051451221996132e+01,2.949900101161857524e+00,7.074843322788646471e-01,1.217777767878778686e+05,7.942083612650223667e-01,1.618140424360471966e-02,1.120791249989213867e+01,6.391510999052822661e-02,1.302222795015472740e-03
5.492099999999999760e-01,1.580610593536481423e-01,4.825767847927942711e+01,4.526155908535545791e+01,2.996119393923971863e+00,7.122095569567791218e-01,1.218298764975012600e+05,7.991709018291035527e-01,1.617716635421867499e-02,1.127647189286856744e+01,6.473557667542072236e-02,1.310405809968420406e-03
5.557900000000000063e-01,1.571652365951633212e-01,4.797970849311268182e+01,4.493829791791551287e+01,3.041410575197167621e+00,7.168276210579499486e-01,1.218801732463097724e+05,8.040208998697686571e-01,1.617311053453605874e-02,1.134542837349303568e+01,6.555376079090173558e-02,1.318632661660308928e-03
5.623700000000000365e-01,1.562723732389982301e-01,4.770369009431148299e+01,4.461803273203614850e+01,3.085657362275336268e+00,7.213338251025382952e-01,1.219286701868560049e+05,8.087534198842802891e-01,1.616923329604958923e-02,1.141479077754574512e+01,6.636914697350389247e-02,1.326904090529764518e-03
5.689500000000000668e-01,1.553829945409106739e-01,4.743232653458569814e+01,4.430333926574520831e+01,3.128987268840490721e+00,7.257359040658506455e-01,1.219755015704785474e+05,8.133765853231282872e-01,1.616552084668605380e-02,1.148453595741624866e+01,6.718217246185086144e-02,1.335217695043755494e-03
5.755300000000000971e-01,1.544971222825405888e-01,4.716431766387328395e+01,4.399292999163392182e+01,3.171387672239363464e+00,7.300294942378761087e-01,1.220206687741224741e+05,8.178858133168371847e-01,1.616197018939203450e-02,1.155466430566098346e+01,6.799229828041961077e-02,1.343573247052640531e-03
5.821099999999999053e-01,1.536148398777224533e-01,4.689893415402713828e+01,4.368615219939358241e+01,3.212781954633558978e+00,7.342112185758752352e-01,1.220641829983325151e+05,8.222775572167875247e-01,1.615857760354964465e-02,1.162517240318124401e+01,6.879904355613050693e-02,1.351970115923565533e-03
5.886899999999999356e-01,1.527362835729969837e-01,4.663587177023706687e+01,4.338275310950535157e+01,3.253118660731712630e+00,7.382798838201490854e-01,1.221060769234852341e+05,8.265505638339645245e-01,1.615533778283661723e-02,1.169605455626273915e+01,6.960210958045083551e-02,1.360407505445810532e-03
5.952699999999999658e-01,1.518615844214474819e-01,4.637467903955326420e+01,4.308232787108903494e+01,3.292351168464231925e+00,7.422356085368698730e-01,1.221463947200348630e+05,8.307049576893121845e-01,1.615224466729725875e-02,1.176730613974636697e+01,7.040132294261951251e-02,1.368884803858235952e-03
6.018499999999999961e-01,1.509909929641264636e-01,4.611589016857825385e+01,4.278551646231212402e+01,3.330373706266128941e+00,7.460825968185024193e-01,1.221852193308904825e+05,8.347451540182563301e-01,1.614928940863877282e-02,1.183891650567283627e+01,7.119686153954779551e-02,1.377400894697250943e-03
6.084300000000000264e-01,1.501247345711797243e-01,4.586004162592509914e+01,4.249293130759768644e+01,3.367110318327413587e+00,7.498245286482519978e-01,1.222226248094321782e+05,8.386750176245206800e-01,1.614646406620074207e-02,1.191087535354928484e+01,7.198886150522007532e-02,1.385954679743584992e-03
6.150100000000000566e-01,1.492629429881266734e-01,4.560739630643698916e+01,4.220466552734828980e+01,3.402730779088696256e+00,7.534618381085820271e-01,1.222586499901581992e+05,8.424950043915773179e-01,1.614376353992608495e-02,1.198317555281148827e+01,7.277717018863649745e-02,1.394545273866375397e-03
6.215900000000000869e-01,1.484056014321137040e-01,4.535686458773301410e+01,4.191947607964189615e+01,3.437388508091119732e+00,7.569911422416345514e-01,1.222932945369851077e+05,8.462015614586123613e-01,1.614118575958036275e-02,1.205581785195969857e+01,7.356131052454442654e-02,1.403172520561367506e-03
6.281699999999998951e-01,1.475530020687717547e-01,4.511014823099300486e+01,4.163926136884017382e+01,3.470886862152827934e+00,7.604166638137813683e-01,1.223266313103402208e+05,8.497991236728215103e-01,1.613872330806430389e-02,1.212878485004432250e+01,7.434142816604975834e-02,1.411834521919484893e-03
6.347499999999999254e-01,1.467049646671267082e-01,4.486445366186443096e+01,4.136145709380518554e+01,3.502996568059248528e+00,7.637300488291881573e-01,1.223586093300953944e+05,8.532789174739981997e-01,1.613637801416929404e-02,1.220208503891496754e+01,7.511659751036407762e-02,1.420531771901394850e-03
6.413299999999999557e-01,1.458617065258637491e-01,4.462099646942158415e+01,4.108732191133280764e+01,3.533674558088780060e+00,7.669343767715125493e-01,1.223892877107145760e+05,8.566441770073126571e-01,1.613414365498465342e-02,1.227570499382755109e+01,7.588686821058839016e-02,1.429262774555776659e-03
6.479099999999999859e-01,1.450232247290261234e-01,4.437919916343317084e+01,4.081589993321001231e+01,3.563299230223162084e+00,7.700276304153961249e-01,1.224186748775561864e+05,8.598927837359005011e-01,1.613201782623017305e-02,1.234964411255561245e+01,7.665186635486127831e-02,1.438027272514263684e-03
6.544900000000000162e-01,1.441897021931770329e-01,4.414026928851500742e+01,4.054818402238795727e+01,3.592085266127051923e+00,7.730133070752375213e-01,1.224468301888157584e+05,8.630284106204686445e-01,1.612999453824840931e-02,1.242389087718874841e+01,7.741169568465029738e-02,1.446824013235263346e-03
6.610700000000000465e-01,1.433611356867208753e-01,4.390319220857162463e+01,4.028332982816940699e+01,3.619862380402216306e+00,7.758898524534462160e-01,1.224737635413577809e+05,8.660494253016333133e-01,1.612807147842974798e-02,1.249844424032442269e+01,7.816602213166368163e-02,1.455652709064405052e-03
6.676500000000000767e-01,1.425376976291345410e-01,4.366909494640174216e+01,4.002249180426761654e+01,3.646603142134125175e+00,7.786605764457099621e-01,1.224995290136026306e+05,8.689593039086225268e-01,1.612624327243546152e-02,1.257329211344500841e+01,7.891492985553807959e-02,1.464512032903454112e-03
6.742300000000001070e-01,1.417193207552167322e-01,4.343669376059788334e+01,3.976441939292170247e+01,3.672274367676182649e+00,7.813213656686658348e-01,1.225241102758238412e+05,8.717537264708139499e-01,1.612450963570880372e-02,1.264843582218001394e+01,7.965783603684988001e-02,1.473401840145618924e-03
6.808099999999999152e-01,1.409060924539808912e-01,4.320643556090391968e+01,3.950954646465036291e+01,3.696889096253556772e+00,7.838730201641890272e-01,1.225475357402239897e+05,8.744335332107429082e-01,1.612286717448937340e-02,1.272386748262867329e+01,8.039459218833895637e-02,1.482321162410684279e-03
6.873899999999999455e-01,1.400980118562916155e-01,4.297779881581674744e+01,3.925736242696991951e+01,3.720436388846828368e+00,7.863140016120120368e-01,1.225698111894040630e+05,8.769971085487811013e-01,1.612131416160548711e-02,1.279958447619077511e+01,8.112484170310735321e-02,1.491269522621878211e-03
6.939699999999999758e-01,1.392951028136284464e-01,4.275046362469607431e+01,3.900754397155547082e+01,3.742919653140604375e+00,7.886444046974121491e-01,1.225909563690492068e+05,8.794445519256031130e-01,1.611984796158078687e-02,1.287558324343126692e+01,8.184838598645255425e-02,1.500246417029380214e-03
7.005500000000000060e-01,1.384974727583686560e-01,4.252507542149202635e+01,3.876069830156220064e+01,3.764377119929828375e+00,7.908678060226925766e-01,1.226110212366068154e+05,8.817796195719113106e-01,1.611846393863769489e-02,1.295185540187532425e+01,8.256535765550343520e-02,1.509250962952681310e-03
7.071300000000000363e-01,1.377051653887696181e-01,4.230167263872307615e+01,3.851684781190617457e+01,3.784824826816903354e+00,7.929855747481635575e-01,1.226300342661723553e+05,8.840037494116230743e-01,1.611715904558151669e-02,1.302839582123921858e+01,8.327568504869092836e-02,1.518282542865716060e-03
7.137100000000000666e-01,1.369181509073283121e-01,4.207940091110468472e+01,3.827514333545012448e+01,3.804257575654562018e+00,7.949969860937885491e-01,1.226480040593488375e+05,8.861161802639317964e-01,1.611593167315790096e-02,1.310520400324975832e+01,8.397910663774851847e-02,1.527340968024850027e-03
7.202900000000000968e-01,1.361365176308262370e-01,4.185871011927687135e+01,3.803598824915414411e+01,3.822721870122729904e+00,7.969066761769784124e-01,1.226649859743113193e+05,8.881217810868828888e-01,1.611477709693730220e-02,1.318227303030274378e+01,8.467588608408256612e-02,1.536425588009711135e-03
7.268699999999999051e-01,1.353603889851657527e-01,4.164057120324777372e+01,3.780028857129519793e+01,3.840282631952577574e+00,7.987210211859984144e-01,1.226810491351245582e+05,8.900272483012956481e-01,1.611368977354530815e-02,1.325959361008905191e+01,8.536646751709342507e-02,1.545535574623456247e-03
7.334499999999999353e-01,1.345898331662827019e-01,4.142559500401236505e+01,3.756862126425730963e+01,3.856973739755055419e+00,8.004434069556748410e-01,1.226962346323399688e+05,8.918361377894430397e-01,1.611266616425098205e-02,1.333715831606236613e+01,8.605099977964715541e-02,1.554670161702772667e-03
7.400299999999999656e-01,1.338248273842164993e-01,4.121353498426314133e+01,3.734075144788587153e+01,3.872783536377272462e+00,8.020726298912976837e-01,1.227105421705597691e+05,8.935471855082424142e-01,1.611170558397999678e-02,1.341496392744104860e+01,8.672916958896564887e-02,1.563828825856221480e-03
7.466099999999999959e-01,1.330654325295307916e-01,4.100565934636601639e+01,3.711794757499581721e+01,3.887711771370198299e+00,8.036087549437099797e-01,1.227239820430099790e+05,8.951604596705753369e-01,1.611080667540742625e-02,1.349299982090222372e+01,8.740074940583263119e-02,1.573010248331666548e-03
7.531900000000000261e-01,1.323115634501965676e-01,4.080210781743753046e+01,3.690044305334557606e+01,3.901664764091952176e+00,8.050423291780255397e-01,1.227364810506896320e+05,8.966660325849520330e-01,1.610997368132653998e-02,1.357126067403386749e+01,8.806450350107676572e-02,1.582213201019213710e-03
7.597700000000000564e-01,1.315628357652086633e-01,4.059937538362512299e+01,3.668497359721527573e+01,3.914401786409847261e+00,8.063489463807858026e-01,1.227478366422880063e+05,8.980382722798665451e-01,1.610921939586094573e-02,1.364975784864897967e+01,8.871763418239420051e-02,1.591437556105104040e-03
7.663500000000000867e-01,1.308186788340283402e-01,4.038960362172655039e+01,3.646393428620599764e+01,3.925669335520553194e+00,8.075030864730597946e-01,1.227578382544669003e+05,8.992503769764563781e-01,1.610855703128419303e-02,1.372852248371500750e+01,8.935728659535537022e-02,1.600685397677375100e-03
7.729299999999998949e-01,1.300795333454668745e-01,4.017624644023653957e+01,3.624048287564089321e+01,3.935763564595642805e+00,8.085355546662399417e-01,1.227667626543432416e+05,9.003346990222900192e-01,1.610796758035361667e-02,1.380753521665084449e+01,8.998648009001805614e-02,1.609956059156908165e-03
7.795099999999999252e-01,1.293467074054757138e-01,3.997632954107944414e+01,3.603099431322490886e+01,3.945335227854537941e+00,8.095129618513799974e-01,1.227751913357623562e+05,9.013611947202727626e-01,1.610741223914614190e-02,1.388671644815416251e+01,9.061192505490571480e-02,1.619243915969699639e-03
7.860899999999999554e-01,1.286202906407324098e-01,3.979660613082995724e+01,3.584237453923659444e+01,3.954231591593363238e+00,8.104199929526595403e-01,1.227829959724126384e+05,9.023137798225266959e-01,1.610689920282089641e-02,1.396603305845374088e+01,9.123157962344446981e-02,1.628544182709890402e-03
7.926699999999999857e-01,1.278968032949275024e-01,3.958960371472402784e+01,3.562888636837227807e+01,3.960717346351752433e+00,8.110804352484545232e-01,1.227886684519801056e+05,9.030073916413330348e-01,1.610652704240509575e-02,1.404568506149454166e+01,9.182666973567657487e-02,1.637870025209191326e-03
7.992500000000000160e-01,1.271780411881037465e-01,3.937911672222613646e+01,3.541342893813739323e+01,3.965687784088745005e+00,8.115861298221961340e-01,1.227930059300323192e+05,9.035384838128773799e-01,1.610624287805383081e-02,1.412556491650395074e+01,9.240647930711040625e-02,1.647213954789784798e-03
8.058300000000000463e-01,1.264681759156625618e-01,3.918529275757478558e+01,3.521572635543881802e+01,3.969566402135970229e+00,8.120011008405124686e-01,1.227993323675568681e+05,9.039538981171590937e-01,1.610569631535263904e-02,1.420558349584657343e+01,9.297745993459478886e-02,1.656574231272763594e-03
8.124100000000000765e-01,1.257701204809991424e-01,3.894104939585580638e+01,3.497080500496211641e+01,3.970244390893687303e+00,8.121615758483069492e-01,1.228130121645408653e+05,9.040318368805747573e-01,1.610421286481790795e-02,1.428601929532761794e+01,9.352240218252209913e-02,1.665986319213454223e-03
8.189900000000001068e-01,1.250876138890096578e-01,3.873716947548457057e+01,3.476585448355222496e+01,3.971314991932344274e+00,8.124149304030763297e-01,1.228346047383123223e+05,9.041548849550122835e-01,1.610187212637903889e-02,1.436649250433421265e+01,9.407855302134669750e-02,1.675421828484472938e-03
8.255699999999999150e-01,1.244134414464852373e-01,3.855809720276602093e+01,3.458563249726780953e+01,3.972464705498211845e+00,8.126869401200291776e-01,1.228577806888326741e+05,9.042869933827839546e-01,1.609936080626924934e-02,1.444706705786893153e+01,9.463786880236559063e-02,1.684873504689139581e-03
8.321499999999999453e-01,1.237283191721143955e-01,3.835152633855903304e+01,3.437868650899363843e+01,3.972839829565395497e+00,8.127756754985808740e-01,1.228653397140543238e+05,9.043300899731538944e-01,1.609854195688760134e-02,1.452795877325500484e+01,9.517815432046861090e-02,1.694325476610728529e-03
8.387299999999999756e-01,1.230458302527806386e-01,3.815838489796259836e+01,3.418535614080098384e+01,3.973028757161616742e+00,8.128203634395261279e-01,1.228691462348997447e+05,9.043517938066961692e-01,1.609812965080160627e-02,1.460899248453777588e+01,9.571429908427483979e-02,1.703785193600893975e-03
8.453100000000000058e-01,1.223614774548564682e-01,3.795960483342836511e+01,3.398676466971807741e+01,3.972840163710286809e+00,8.127757545370966064e-01,1.228653464467199956e+05,9.043301283602165341e-01,1.609854122760778425e-02,1.469024447811757739e+01,9.624135872996365804e-02,1.713252088730774425e-03
8.518900000000000361e-01,1.216823155193688805e-01,3.777918707536613852e+01,3.380660402835666645e+01,3.972583047009469404e+00,8.127149345257822510e-01,1.228601655022614577e+05,9.043005895769635760e-01,1.609910245303739634e-02,1.477161421218990256e+01,9.676720106277691968e-02,1.722729258345493536e-03
8.584700000000000664e-01,1.209984896535385712e-01,3.758582541068120264e+01,3.361401058951124554e+01,3.971814821169957543e+00,8.125331930243518963e-01,1.228446818599427934e+05,9.042123222007690808e-01,1.610078004540965030e-02,1.485322420764947005e+01,9.728006016755913477e-02,1.732209142814924345e-03
8.650500000000000966e-01,1.203187303015812448e-01,3.740646880361207138e+01,3.343554106425526840e+01,3.970927739356799879e+00,8.123232951411716307e-01,1.228267956453856459e+05,9.041103799626383219e-01,1.610271855906260374e-02,1.493496495340240671e+01,9.779014675672390022e-02,1.741697967385383121e-03
8.716299999999999049e-01,1.196378208216658107e-01,3.721905115496238636e+01,3.324935822921663231e+01,3.969692925745750500e+00,8.120310498841938340e-01,1.228018855724089080e+05,9.039684436308941251e-01,1.610541941417624467e-02,1.501692001396759579e+01,9.829139202191319868e-02,1.751193976371264501e-03
8.782099999999999351e-01,1.189819372544401177e-01,3.708705200616718400e+01,3.311912117637196928e+01,3.967930829795217829e+00,8.118142163502425346e-01,1.227949606212363724e+05,9.037780255753762315e-01,1.610611493503019687e-02,1.509884874413277700e+01,9.880125682176300883e-02,1.760724816343783557e-03
8.847899999999999654e-01,1.183329246255829387e-01,3.691609983393858130e+01,3.295349015906463563e+01,3.962609674873942556e+00,8.112730060732856741e-01,1.227903207849966857e+05,9.032096339884851943e-01,1.610641875006033411e-02,1.518108674123080704e+01,9.927316536364000354e-02,1.770281351993590159e-03
8.913699999999999957e-01,1.176862688784579558e-01,3.670671806546673110e+01,3.275224427501812841e+01,3.954473790448602255e+00,8.104446680729784358e-01,1.227832080616271269e+05,9.023396942062547055e-01,1.610688527715590720e-02,1.526361869622000178e+01,9.971095136526916813e-02,1.779853933976841907e-03
8.979500000000000259e-01,1.170472125090118443e-01,3.655466311016095204e+01,3.260773557334555051e+01,3.946927536815400206e+00,8.096754040721981793e-01,1.227765902979306848e+05,9.015317953086208203e-01,1.610732019447540936e-02,1.534612809271668077e+01,1.001547953544097702e-01,1.789427024294114581e-03
9.045300000000000562e-01,1.164108353712311333e-01,3.637218194439179086e+01,3.243540152145143196e+01,3.936780422940356683e+00,8.086394687652102009e-01,1.227676596716398926e+05,9.004438320194422252e-01,1.610790841524781941e-02,1.542889762167245493e+01,1.005661477537497656e-01,1.799013153389787982e-03
9.111100000000000865e-01,1.157780184192567785e-01,3.617194065694663863e+01,3.224722799011067309e+01,3.924712666835968200e+00,8.074051603152637702e-01,1.227569906873745495e+05,8.991475326540223634e-01,1.610861308983896692e-02,1.551188039212096825e+01,1.009527027209579098e-01,1.808610900266112084e-03
9.176899999999998947e-01,1.151508420598975485e-01,3.598780300649627151e+01,3.207544651488992571e+01,3.912356491606343578e+00,8.061392680949940326e-01,1.227460167016194609e+05,8.978180632803851591e-01,1.610934012290470702e-02,1.559497257875537102e+01,1.013343472915211180e-01,1.818218560548006584e-03
9.242699999999999250e-01,1.145290989317741259e-01,3.581677752612230847e+01,3.191714302649156565e+01,3.899634499630740603e+00,8.048338733166723324e-01,1.227346661800299189e+05,8.964471074039714882e-01,1.611009445395547926e-02,1.567818295054862432e+01,1.017100708142544968e-01,1.827836616575467766e-03
9.308499999999999552e-01,1.139119785847978877e-01,3.564828291209258282e+01,3.176236438338741408e+01,3.885918528705166075e+00,8.034243530677158684e-01,1.227223712324127846e+05,8.949667965429806138e-01,1.611091423720396182e-02,1.576154073905101782e+01,1.020717693161132811e-01,1.837464281181958601e-03
9.374299999999999855e-01,1.132990348229046401e-01,3.547759831312501433e+01,3.160676252946660014e+01,3.870835783658415519e+00,8.018720379614872051e-01,1.227087835674608214e+05,8.933365192105813257e-01,1.611182345124495541e-02,1.584505557702267886e+01,1.024143513312148202e-01,1.847100070397258726e-03
9.440100000000000158e-01,1.126901770477784642e-01,3.530521132739194456e+01,3.145090013884658475e+01,3.854311188545356259e+00,8.001688061057031787e-01,1.226938177296691283e+05,8.915477456071021489e-01,1.611282879959092043e-02,1.592872245310262969e+01,1.027364474678052614e-01,1.856742723744626497e-03
9.505900000000000460e-01,1.120851944802784134e-01,3.512625409247151964e+01,3.129000504816213635e+01,3.836249044309380629e+00,7.983044653354112175e-01,1.226773672764720395e+05,8.895897716844889391e-01,1.611393858778455493e-02,1.601255091340880909e+01,1.030364920638618398e-01,1.866392530878477601e-03
9.571700000000000763e-01,1.114845811811873144e-01,3.495012262069106868e+01,3.113302459453361237e+01,3.817098026157459412e+00,7.963252164936804878e-01,1.226598234722206544e+05,8.875111186398184637e-01,1.611512753907246714e-02,1.609651485779996705e+01,1.033199781025257863e-01,1.876049313058911552e-03
9.637500000000001066e-01,1.108882356209646564e-01,3.477368244258633467e+01,3.097681741045115800e+01,3.796865032135177564e+00,7.942319737937726387e-01,1.226411796040900954e+05,8.853127466010642932e-01,1.611639711682797890e-02,1.618062049197775210e+01,1.035868247565200212e-01,1.885713732527588733e-03
9.703299999999999148e-01,1.102965552962529849e-01,3.460862432520027454e+01,3.083276166726433587e+01,3.775862657935940891e+00,7.920575071490623120e-01,1.226217139954230661e+05,8.830290712913900775e-01,1.611772928805693325e-02,1.626483865189200628e+01,1.038409030515807518e-01,1.895384442966371007e-03
9.769099999999999451e-01,1.097084777018781931e-01,3.443312636058323761e+01,3.067984284860760269e+01,3.753283511975636699e+00,7.897184065222764282e-01,1.226006618798687559e+05,8.805724935548544519e-01,1.611917761344900876e-02,1.634921676861234019e+01,1.040713515987374965e-01,1.905061324502125251e-03
9.834899999999999753e-01,1.091248509370144615e-01,3.426955935455622893e+01,3.053975491512684926e+01,3.729804439429378338e+00,7.872850637719007727e-01,1.225786365595868701e+05,8.780169405540646510e-01,1.612070126105434598e-02,1.643370357410010740e+01,1.042868244974151509e-01,1.914742945763600124e-03
9.900700000000000056e-01,1.085445128140922200e-01,3.409134644630063349e+01,3.038681280072954038e+01,3.704533645571091327e+00,7.846654897846984111e-01,1.225547818150547100e+05,8.752658031884987810e-01,1.612236104197586548e-02,1.651835188596903592e+01,1.044752089150380314e-01,1.924429164178536938e-03
9.966500000000000359e-01,1.079685994162836310e-01,3.392603822042413242e+01,3.024758326419912891e+01,3.678454956225000849e+00,7.819620513718218424e-01,1.225300056216174708e+05,8.724265894577525327e-01,1.612409539647643303e-02,1.660310490212680179e+01,1.046494551243577070e-01,1.934120094463414631e-03
1.003230000000000066e+00,1.073963114343593900e-01,3.375751988304073592e+01,3.010659653780245648e+01,3.650923345238282103e+00,7.791083125895738037e-01,1.225036764075420069e+05,8.694295267926932524e-01,1.612595004578395996e-02,1.668799199810274203e+01,1.048006323630132075e-01,1.943814547553878412e-03
1.009810000000000096e+00,1.068275943779163212e-01,3.358636540707180274e+01,2.996444849433527935e+01,3.621916912736521166e+00,7.761026860684903106e-01,1.224757488578406628e+05,8.662729481010870147e-01,1.612793020900772645e-02,1.677300903595577708e+01,1.049281823607092073e-01,1.953511772220410669e-03
1.016389999999999905e+00,1.062624937603189462e-01,3.341281944776665824e+01,2.982127595258196706e+01,3.591543495184688517e+00,7.729572220149135697e-01,1.224463031851885462e+05,8.629695087891551264e-01,1.613003228814686302e-02,1.685815335408830506e+01,1.050334042778050536e-01,1.963212124043783695e-03
1.022969999999999935e+00,1.057013416204805184e-01,3.324558939995645090e+01,2.968534282181893502e+01,3.560246578137516771e+00,7.697098106292512565e-01,1.224156656994687219e+05,8.595590020242744878e-01,1.613223485049540898e-02,1.694341019448534169e+01,1.051210837153470634e-01,1.972916351571960686e-03
1.029549999999999965e+00,1.051438859023612754e-01,3.308263970473728932e+01,2.955463565728579667e+01,3.528004047451489544e+00,7.663402477618938002e-01,1.223836177084756346e+05,8.560202089398656344e-01,1.613455545159078047e-02,1.702878214656881894e+01,1.051882444226006491e-01,1.982623242731362551e-03
1.036129999999999995e+00,1.045895825371084137e-01,3.291223627594149548e+01,2.941820238758819173e+01,3.494033888353303308e+00,7.628006944416022561e-01,1.223496663279453787e+05,8.523028879386500556e-01,1.613703223471767492e-02,1.711428208199183842e+01,1.052281046246520552e-01,1.992330825527466754e-03
1.042710000000000026e+00,1.040388448226870904e-01,3.274537494216309597e+01,2.928697032094684261e+01,3.458404621216256913e+00,7.591381626548151518e-01,1.223142221536647266e+05,8.484564120992851288e-01,1.613963784416555872e-02,1.719989368545833130e+01,1.052467198111553121e-01,2.002040314405259275e-03
1.049290000000000056e+00,1.034915327379096472e-01,3.258098159424910278e+01,2.915975009558610864e+01,3.421231498662996362e+00,7.553451683842018483e-01,1.222771750825333293e+05,8.444729215331702177e-01,1.614238279031535508e-02,1.728561771316940820e+01,1.052427873506729394e-01,2.011751136140593147e-03
1.055870000000000086e+00,1.029474335377389971e-01,3.241828258425812237e+01,2.903571564454881226e+01,3.382566939709308773e+00,7.514050003124643773e-01,1.222383185901988618e+05,8.403348656272398021e-01,1.614528513218770056e-02,1.737145395003002335e+01,1.052136852263275690e-01,2.021461940079521177e-03
1.062449999999999894e+00,1.024061580059889148e-01,3.224811588850714372e+01,2.890591232830052704e+01,3.342203560206614910e+00,7.472843187639126583e-01,1.221972704397378548e+05,8.360072302807285416e-01,1.614837679511187465e-02,1.745740784874298157e+01,1.051544387045171697e-01,2.031170827683908501e-03
1.069029999999999925e+00,1.018683239019510800e-01,3.209149325670943398e+01,2.879102981378402504e+01,3.300463442925408497e+00,7.430547739367303617e-01,1.221546935222622706e+05,8.315652641937835154e-01,1.615161104650842533e-02,1.754346295076784301e+01,1.050746942863671068e-01,2.040880813593836957e-03
1.075609999999999955e+00,1.013328052716182537e-01,3.191936674572668409e+01,2.866303806468742010e+01,3.256328681039264872e+00,7.386035005561583100e-01,1.221093905269537063e+05,8.268904336368052554e-01,1.615508264615301767e-02,1.762963512774369690e+01,1.049582710192766832e-01,2.050585511379254648e-03
1.082189999999999985e+00,1.008005935719603063e-01,3.176609887086187456e+01,2.855495224862097103e+01,3.211146622240901749e+00,7.340461586541741079e-01,1.220624742296191253e+05,8.221042074582514125e-01,1.615871030224219282e-02,1.771590756263241317e+01,1.048211109279341136e-01,2.060291079497601329e-03
1.088770000000000016e+00,1.002702054937712195e-01,3.159191423486212713e+01,2.842846379531374268e+01,3.163450439548383120e+00,7.292266428208519224e-01,1.220122609283306374e+05,8.170426401355632695e-01,1.616262890121759194e-02,1.780229100550076993e+01,1.046406444824093118e-01,2.069987319722763151e-03
1.095350000000000046e+00,9.974282548513559166e-02,3.143680601521603535e+01,2.832208404231344900e+01,3.114721972902587677e+00,7.242883866891336453e-01,1.219601610577785177e+05,8.118563689971735053e-01,1.616673347945902020e-02,1.788877693805862634e+01,1.044369434264587476e-01,2.079683419704473572e-03
1.101929999999999854e+00,9.921699312098487822e-02,3.125809713427185699e+01,2.819464365743380441e+01,3.063453476838051692e+00,7.190734070595657945e-01,1.219044141342290532e+05,8.063794764224041511e-01,1.617116838556767813e-02,1.797536412546814333e+01,1.041868497813459860e-01,2.089367525635577559e-03
1.108509999999999884e+00,9.869409834478685972e-02,3.109917612736613179e+01,2.808790550401278097e+01,3.011270623353349940e+00,7.137549174092395754e-01,1.218467753161526634e+05,8.007938752227934387e-01,1.617579976284016716e-02,1.806205591592472004e+01,1.039150086424203145e-01,2.099052482995004357e-03
1.115089999999999915e+00,9.817297426786672498e-02,3.092700363496658156e+01,2.797005553707654002e+01,2.956948097890041538e+00,7.082065322428703347e-01,1.217857817808507971e+05,7.949668324195280356e-01,1.618075069796359733e-02,1.814884392309818040e+01,1.036026529060047885e-01,2.108727848704820742e-03
1.121669999999999945e+00,9.765438619294505851e-02,3.077368316308196228e+01,2.787178179843069614e+01,2.901901364651267468e+00,7.025343116877521554e-01,1.217224956280835904e+05,7.890097348184863524e-01,1.618594109966571548e-02,1.823574117316519505e+01,1.032649506349738455e-01,2.118402771066054888e-03
1.128249999999999975e+00,9.713694436501772722e-02,3.060142657462345994e+01,2.775651670216540623e+01,2.844909872458051936e+00,6.965824775432788440e-01,1.216550541069916799e+05,7.827589805399262080e-01,1.619153100844148915e-02,1.832272420364768095e+01,1.028784879305305322e-01,2.128062748356795379e-03
1.134830000000000005e+00,9.662165009784202951e-02,3.044660455885496475e+01,2.765959070842556500e+01,2.787013850429401529e+00,6.904905211310858881e-01,1.215849001879494608e+05,7.763610666055005272e-01,1.619740876296158968e-02,1.840981899965946056e+01,1.024635083536883651e-01,2.137720964484105934e-03
1.141410000000000036e+00,9.610747011032211296e-02,3.028561687232917166e+01,2.755862042244508103e+01,2.726996449884091955e+00,6.841482129833804660e-01,1.215106241152147413e+05,7.697002274712263503e-01,1.620370051865631378e-02,1.849700578701076026e+01,1.020031565918242400e-01,2.147366653121213307e-03
1.147989999999999844e+00,9.559440278756738130e-02,3.013081820033653102e+01,2.746580891717424677e+01,2.665009283162284692e+00,6.775787680134723878e-01,1.214323203120173421e+05,7.628008439775603167e-01,1.621040829071230746e-02,1.858429776597616012e+01,1.015004403751975093e-01,2.157002831288758193e-03
1.154569999999999874e+00,9.508165913940161418e-02,2.996816636051489979e+01,2.736793209104062896e+01,2.600234269474269500e+00,6.707053581209483362e-01,1.213488626334321889e+05,7.555822294713265830e-01,1.621764027526152036e-02,1.867167523574921262e+01,1.009431941595452797e-01,2.166621113178932023e-03
1.161149999999999904e+00,9.456913038606865052e-02,2.980008754906384283e+01,2.726770724671956359e+01,2.532380302344278800e+00,6.635371369234084327e-01,1.212601095046387054e+05,7.480539972940583038e-01,1.622542264033829604e-02,1.875913836587636041e+01,1.003321464897771742e-01,2.176221886518485676e-03
1.167729999999999935e+00,9.405684547773458803e-02,2.963555790051634631e+01,2.717361900459708934e+01,2.461938895919256520e+00,6.561053711022912793e-01,1.211661873158295493e+05,7.402489844398711938e-01,1.623375852586179599e-02,1.884670181555489066e+01,9.967148635846026505e-02,2.185808931141332897e-03
1.174309999999999965e+00,9.354417239711977639e-02,2.945985160459275676e+01,2.707163777952273165e+01,2.388213825070025109e+00,6.483528567390003383e-01,1.210660774016208452e+05,7.321071140265404953e-01,1.624275428247099959e-02,1.893433515950640000e+01,9.895174821157011469e-02,2.195374011846040144e-03
1.180889999999999995e+00,9.303143680702355423e-02,2.929110009405700765e+01,2.697934918350148692e+01,2.311750910555520289e+00,6.403542060785771817e-01,1.209604281466640095e+05,7.237067455645304070e-01,1.625236846457368822e-02,1.902207602637060546e+01,9.818387355136896921e-02,2.204926926570528918e-03
1.187470000000000026e+00,9.251792624232488271e-02,2.911613710924784471e+01,2.688428907778061827e+01,2.231848031467226878e+00,6.320494478650920955e-01,1.208481088276422524e+05,7.149848958497578844e-01,1.626272186282752205e-02,1.910989474102136043e+01,9.735793046297988584e-02,2.214459289210846029e-03
1.194049999999999834e+00,9.200350577816765463e-02,2.894419740349154679e+01,2.679559674202200270e+01,2.148600661469544093e+00,6.234632475783323802e-01,1.207290651280877646e+05,7.059674691412407554e-01,1.627383970553615902e-02,1.919781434288623956e+01,9.647718587940956603e-02,2.223975362706991175e-03
1.200629999999999864e+00,9.148740733564839078e-02,2.876231914634659503e+01,2.670084460967672513e+01,2.061474536669868574e+00,6.145362203044948401e-01,1.206020280238505366e+05,6.965920980249981076e-01,1.628586343187402377e-02,1.928579813739487037e+01,9.553160714360195427e-02,2.233465914671213786e-03
1.207209999999999894e+00,9.096966110544812967e-02,2.857483960121942701e+01,2.660455287254090351e+01,1.970286728678524613e+00,6.053083064225778243e-01,1.204670640152093110e+05,6.869007288135192679e-01,1.629881222999086943e-02,1.937385635085059121e+01,9.452674236154616494e-02,2.242934910150355503e-03
1.213789999999999925e+00,9.045054468135931003e-02,2.840697631338910512e+01,2.653069366904734139e+01,1.876282644341763062e+00,5.958691503853811300e-01,1.203250126244686689e+05,6.769875081905469827e-01,1.631262947369791633e-02,1.946207113398138588e+01,9.347639162213911002e-02,2.252398637525594889e-03
1.220369999999999955e+00,8.992822194340187314e-02,2.822304364322829784e+01,2.644506705276343794e+01,1.777976590464858564e+00,5.860438801342531256e-01,1.201726632455943327e+05,6.666687814637151099e-01,1.632765627394434579e-02,1.955032608550358120e+01,9.235196126820821583e-02,2.261829444752537239e-03
1.226949999999999985e+00,8.940290079579119031e-02,2.805750953861041452e+01,2.638083759021770547e+01,1.676671948392709499e+00,5.759401732140365660e-01,1.200109984025573358e+05,6.560576340883291779e-01,1.634382934152641201e-02,1.963874651718314013e+01,9.117024452228832121e-02,2.271250024501499619e-03
1.233530000000000015e+00,8.887249908778033225e-02,2.788282389886646229e+01,2.631185162537306610e+01,1.570972273493397520e+00,5.653910832228198347e-01,1.198365308919228846e+05,6.449787350805764596e-01,1.636153685838088317e-02,1.972723243910547453e+01,8.990360342159646467e-02,2.280635067604116790e-03
1.240110000000000046e+00,8.833599472600005276e-02,2.771543055827842394e+01,2.625420262921095471e+01,1.461227929067470566e+00,5.543966496358941898e-01,1.196482031344130228e+05,6.334321258983240943e-01,1.638093603494986117e-02,1.981585442362431948e+01,8.855138993681835324e-02,2.289992242347622248e-03
1.246689999999999854e+00,8.779083998713148318e-02,2.749978220249272098e+01,2.615406738354487359e+01,1.345714818947848279e+00,5.427362733386504878e-01,1.194408179686271324e+05,6.211861282343440482e-01,1.640262760512587251e-02,1.990434499928642254e+01,8.707605023197978467e-02,2.299272247659686370e-03
1.253269999999999884e+00,8.723950331407477610e-02,2.730635943375915886e+01,2.607766923325814190e+01,1.228690200501015850e+00,5.307808932062150209e-01,1.192195212265022128e+05,6.086303106996728829e-01,1.642614006792778372e-02,1.999302528425021563e+01,8.553734745315542953e-02,2.308541696993882640e-03
1.259849999999999914e+00,8.668117039054974715e-02,2.714197176071130357e+01,2.603091866154191081e+01,1.111053099169391878e+00,5.185444825949415693e-01,1.189833635992656345e+05,5.957793484372819748e-01,1.645163120954722114e-02,2.008194630522704216e+01,8.393706928935561196e-02,2.317807276101076317e-03
1.266429999999999945e+00,8.611247290411906674e-02,2.703518082123914468e+01,2.604345172107646178e+01,9.917291001626838964e-01,5.059235777161026348e-01,1.187288694814286428e+05,5.825245813762818248e-01,1.647954455085539824e-02,2.017133293161081653e+01,8.225863514441131286e-02,2.327086076526006363e-03
1.273009999999999975e+00,8.552342694165653014e-02,2.680566665552643357e+01,2.594352178816303933e+01,8.621448673633935744e-01,4.920576827905534523e-01,1.184355768862159312e+05,5.679622968891674395e-01,1.651225866146867685e-02,2.026009190472901977e+01,8.035620360560065401e-02,2.336180458204332316e-03
1.279590000000000005e+00,8.491985820951272745e-02,2.664498195649785472e+01,2.591498978279602028e+01,7.299921737018355561e-01,4.778114968649033734e-01,1.181181523905264621e+05,5.530006219724347138e-01,1.654829279080731116e-02,2.034940479069033259e+01,7.837368887037932108e-02,2.345297091885227819e-03
1.286170000000000035e+00,8.429465672365540896e-02,2.646742376463298640e+01,2.587590642795828799e+01,5.915173366746997452e-01,4.627463005437343901e-01,1.177632431840513309e+05,5.371788033403854801e-01,1.658931914947489247e-02,2.043873615181571068e+01,7.623580228363117939e-02,2.354337227818801767e-03
1.292749999999999844e+00,8.364346671386688192e-02,2.629331048128749870e+01,2.584670415154282708e+01,4.466063297446700719e-01,4.468432968542377370e-01,1.173651858563800633e+05,5.204770999761573202e-01,1.663621399305680384e-02,2.052823414113917622e+01,7.393819125902326150e-02,2.363315450576059917e-03
1.299329999999999874e+00,8.295932768928213075e-02,2.611142916746425513e+01,2.581758350753516851e+01,2.938456599290878990e-01,4.299458108681493695e-01,1.169132552158754115e+05,5.027309682358218623e-01,1.669052750340834293e-02,2.061782528198136077e+01,7.145268600395102143e-02,2.372209186011246893e-03
1.305909999999999904e+00,8.208622979127001840e-02,2.589648342881897847e+01,2.575716503400892776e+01,1.393183948100511493e-01,4.118773673058367946e-01,1.161843822824963427e+05,4.846250338128982871e-01,1.677224672858285137e-02,2.070721870300462086e+01,6.874667228973682653e-02,2.379233570211428117e-03
1.312489999999999934e+00,8.074633777229112130e-02,2.574222403995084818e+01,2.573858477957526958e+01,3.639260375577738679e-03,3.929303814636925241e-01,1.147838387865604745e+05,4.679727171027520116e-01,1.691927392768151003e-02,2.079707399465048567e+01,6.586881177856505898e-02,2.381447526838915887e-03
1.319069999999999965e+00,7.927630057415695208e-02,2.559271113069743109e+01,2.572487761991419575e+01,-1.321664892167644378e-01,3.727940289637972637e-01,1.131818288336998230e+05,4.502750779104776058e-01,1.709665003823565219e-02,2.088707651397161769e+01,6.276370718846725760e-02,2.383096887980241333e-03
1.325649999999999995e+00,7.764626151968173629e-02,2.550483049263786484e+01,2.576830257239749855e+01,-2.634720797596327713e-01,3.514049089014845695e-01,1.113362150839305395e+05,4.314763938138908017e-01,1.731299842203588499e-02,2.097781393203359812e+01,5.941964261092966965e-02,2.384214278023019055e-03
1.332230000000000025e+00,7.477324691540558621e-02,2.542398411254132284e+01,2.574875725306110041e+01,-3.247731405197768484e-01,3.279383023495622274e-01,1.076774156738714955e+05,4.163448432767817287e-01,1.779140121486940188e-02,2.106797091600118321e+01,5.568995110342371546e-02,2.379763505462214202e-03
1.338809999999999834e+00,7.151519008048641546e-02,2.547160810775050166e+01,2.583273546076033611e+01,-3.611273530098329521e-01,3.028054958675662767e-01,1.034332503773023054e+05,4.002112110213905671e-01,1.839845979683467012e-02,2.115953899188238552e+01,5.164543466828274559e-02,2.374237470783059634e-03
1.345389999999999864e+00,6.767438977238679487e-02,2.555374056135987715e+01,2.595031372745106424e+01,-3.965731660911858136e-01,2.749213374637622387e-01,9.830528838226814696e+04,3.823113892183491180e-01,1.921463714837995038e-02,2.125185574439290903e+01,4.709418544927604366e-02,2.366912707090555908e-03
1.351969999999999894e+00,6.204399655053692564e-02,2.571104416184251917e+01,2.600932897194061511e+01,-2.982848100980972084e-01,2.429684525152100705e-01,9.051541571017155366e+04,3.669551666382634969e-01,2.059243872361798608e-02,2.134357239158781994e+01,4.180025983372902265e-02,2.345706962360071760e-03
1.358549999999999924e+00,5.460884869821522325e-02,2.618424041053957296e+01,2.626623200578870865e+01,-8.199159524913422759e-02,2.065077250229613304e-01,8.002428704559308244e+04,3.527769151887480970e-01,2.286477642304434940e-02,2.143893063827383827e+01,3.568629028425857747e-02,2.312960439264755835e-03
1.365129999999999955e+00,4.350168641104187189e-02,2.667344094584404957e+01,2.628299510379295967e+01,3.904458420510898975e-01,1.607240090617549633e-01,6.401954604338551871e+04,3.432051816101423514e-01,2.699938214667421676e-02,2.153033677280600600e+01,2.789289308417666757e-02,2.194287615422636523e-03
1.371709999999999985e+00,2.656560856668070333e-02,2.800307670503653412e+01,2.578875697708101455e+01,2.214319727955519124e+00,1.001072042279456675e-01,3.924444585194138926e+04,3.487167441428099535e-01,3.777252145381730652e-02,2.161238811348038169e+01,1.743934112875760237e-02,1.889005612694830008e-03
