RHO   : 1.225
NU    : 1.463e-05
B     : 2
U_inf : 7.9
RPM   : 140
power : 205.33739166034184
R_out : 1.44
R_in  : 0.059
N     : 200
M     : 200
dt    : 0.05
thrust: 22.990811496713718
eta   : 0.8845315962933665
optsucess:Optimization terminated successfully
îºåar[m],óÉå∑í∑chord[m],éÊïtäptheta[deg],ó¨ì¸äpphi[deg],å}äpalpha[deg],èzä¬gamma,Re,ógóÕåWêîCL,çRóÕåWêîCD,ó¨ì¸ë¨ìxV,ã«èäógóÕdL,ã«èäçRóÕdD
6.245249999999999413e-02,8.945546945897282776e-03,nan,8.069969022439472894e+01,nan,1.319220765945026790e-02,4.872117718409229383e+03,3.701564960859772824e-01,8.326957898958763093e-02,7.968107780488248082e+00,8.891447131092986315e-04,2.000200096562179089e-04
6.935749999999998860e-02,1.615202105965301768e-02,nan,7.997304914893442174e+01,nan,2.369215244422327726e-02,8.811065953707016888e+03,3.675883474855864419e-01,6.203563578935770290e-02,7.980790417908409928e+00,1.599374605234932462e-03,2.699166640612634250e-04
7.626249999999999696e-02,2.371313653140732017e-02,8.260053849121064218e+01,7.921676978151226933e+01,3.383768709698367960e+00,3.459220288575858004e-02,1.295875980004583289e+04,3.649223382960701256e-01,5.346731286281837525e-02,7.995005452929808243e+00,2.339358360256466735e-03,3.427556831136015269e-04
8.316749999999999143e-02,3.204520096459651662e-02,8.166083213393407902e+01,7.846347755524863032e+01,3.197354578685451365e+00,4.646472132224385015e-02,1.754600586815117640e+04,3.620184762062436112e-01,4.856887671167151727e-02,8.010499485855971713e+00,3.148347815442739065e-03,4.223864994298916664e-04
9.007249999999999979e-02,4.141632800653712032e-02,8.076810461504520333e+01,7.770253619264801159e+01,3.065568422397189519e+00,5.964326302449148021e-02,2.272482079296107622e+04,3.587951779773899674e-01,4.528243929086233494e-02,8.027368533215804902e+00,4.049807390494018083e-03,5.111137734166742346e-04
9.697749999999999426e-02,5.240842464453988880e-02,7.998969558713915262e+01,7.706907447678828760e+01,2.920621110350871685e+00,7.483719919130850384e-02,2.881715775442101585e+04,3.550193716980055147e-01,4.255822600379045167e-02,8.044413103554388655e+00,5.092272806184111773e-03,6.104402019585826325e-04
1.038824999999999887e-01,6.618578664712547466e-02,7.985356021971765017e+01,7.740117381996221013e+01,2.452386399755444035e+00,9.340224805915937900e-02,3.644249740714267682e+04,3.503764170277580137e-01,3.930890621202715041e-02,8.055411351519426333e+00,6.364214716548401325e-03,7.140044456421982362e-04
1.107874999999999971e-01,7.983803657997441683e-02,7.922198007029606970e+01,7.745607026174241128e+01,1.765909808553658644e+00,1.114882745452602936e-01,4.404572897209120856e+04,3.460278557640809605e-01,3.543126264802760883e-02,8.071203181658965775e+00,7.611447321073765149e-03,7.793684371713083866e-04
1.176925000000000054e-01,9.159383661501406537e-02,7.791323410778636571e+01,7.676036899273653091e+01,1.152865115049840572e+00,1.272200098008287039e-01,5.066347697189082101e+04,3.432781038712326982e-01,3.198870165026749396e-02,8.092320351359363784e+00,8.708197360042991067e-03,8.114817814495812239e-04
1.245974999999999999e-01,1.025947315683248540e-01,7.690034117021797044e+01,7.616192205998036968e+01,7.384191102375956550e-01,1.424650970175287690e-01,5.690173724289287929e+04,3.422698321355185369e-01,2.941053240101698316e-02,8.114182893583794964e+00,9.778067754371115583e-03,8.402089565270454532e-04
1.315024999999999944e-01,1.129221212843635885e-01,7.607733151904680824e+01,7.563703413695486688e+01,4.402973820919373615e-01,1.574248189540459753e-01,6.280506359708239324e+04,3.426606326136951708e-01,2.738893290732027919e-02,8.136918346684899106e+00,1.083510020321417668e-02,8.660517265912051231e-04
1.384074999999999889e-01,1.219263460486483819e-01,7.518772880143588111e+01,7.494636445393105362e+01,2.413643475048309894e-01,1.716624670888905746e-01,6.801873328355731792e+04,3.450106326896172360e-01,2.581771252360604701e-02,8.161600016631311405e+00,1.185087530479312333e-02,8.868204709722813262e-04
1.453124999999999833e-01,1.306183444247945857e-01,7.433830260047160721e+01,7.425843851000117013e+01,7.986409047043932508e-02,1.857239390982237115e-01,7.309864326948400412e+04,3.473315539524933770e-01,2.450890910550774376e-02,8.187465212042193130e+00,1.286225530047055421e-02,9.076049741630594705e-04
1.522175000000000056e-01,1.392074481920586304e-01,7.387371485175438579e+01,7.391801062803482125e+01,-4.429577628043076393e-02,2.002822149991420886e-01,7.814810395578815951e+04,3.503560406590790488e-01,2.333900081421752537e-02,8.212971185965630028e+00,1.391369428070163977e-02,9.268620616193570545e-04
1.591225000000000001e-01,1.458672485108002681e-01,7.312346872414914856e+01,7.325044900383636559e+01,-1.269802796872172290e-01,2.137228371100398649e-01,8.216674574790270708e+04,3.555826099853970357e-01,2.235094393735106641e-02,8.241051384490955201e+00,1.489818367861556365e-02,9.364588110278232805e-04
1.660275000000000223e-01,1.520138383126509729e-01,7.237947207692731411e+01,7.258452508299031081e+01,-2.050530060629984774e-01,2.266877340479504788e-01,8.593277555097463483e+04,3.606241870861783272e-01,2.151290714744688234e-02,8.270276708131326870e+00,1.585797881816344151e-02,9.460020655236991375e-04
1.729325000000000168e-01,1.577600620593865299e-01,7.164506713859533704e+01,7.192303128673277968e+01,-2.779641481374430789e-01,2.393419564890384710e-01,8.950838328560287482e+04,3.655449541692265547e-01,2.078611937626552442e-02,8.300628374343720139e+00,1.680465415695119036e-02,9.555693312115491524e-04
1.798375000000000112e-01,1.631722963485532640e-01,7.091773468047355777e+01,7.126134286658052019e+01,-3.436081861069594789e-01,2.517800753972452288e-01,9.293033955109999806e+04,3.703816864444401391e-01,2.014624491003148832e-02,8.332118245908644028e+00,1.774502254769876747e-02,9.652085490830473189e-04
1.867425000000000057e-01,1.682721279638772216e-01,7.030025784567520475e+01,7.069609264141175231e+01,-3.958347957365537240e-01,2.642074813187927917e-01,9.620495148370927200e+04,3.754337882148987560e-01,1.957776788460145051e-02,8.364299288523934450e+00,1.869280376336185032e-02,9.747747397259434515e-04
1.936475000000000002e-01,1.716918902904551181e-01,6.965952686649384873e+01,7.005562635231248692e+01,-3.960994858186421830e-01,2.762196189469665608e-01,9.855468033293563349e+04,3.831448017554252017e-01,1.917268154415432968e-02,8.397921246202304957e+00,1.962122378452045568e-02,9.818519614611229043e-04
2.005524999999999947e-01,1.748220306533820878e-01,6.904023146959077906e+01,6.942150166729120997e+01,-3.812701977004290810e-01,2.879837156935747267e-01,1.007659910609418002e+05,3.906965891319198469e-01,1.881102184913784406e-02,8.432612547239386913e+00,2.054139097251612284e-02,9.890144043853247875e-04
2.074575000000000169e-01,1.776939691683973588e-01,6.842651077314478414e+01,6.879120733708909086e+01,-3.646965639443062734e-01,2.995351524581975622e-01,1.028556961948433163e+05,3.981118625879637163e-01,1.848567908559058462e-02,8.468373138226802155e+00,2.145594042297926246e-02,9.962718180775373151e-04
2.143625000000000114e-01,1.803320255233608060e-01,6.781242467342846680e+01,6.816401874437600839e+01,-3.515940709475369741e-01,3.108972306061359436e-01,1.048365693857471197e+05,4.054055800893168193e-01,1.819124473512001572e-02,8.505194824170553503e+00,2.236664739835293042e-02,1.003629887476961951e-03
2.212675000000000058e-01,1.827600742768452080e-01,6.720931158586144250e+01,6.754423970405554201e+01,-3.349281181941065055e-01,3.220990905975310015e-01,1.067209502105518477e+05,4.125964479220441961e-01,1.792316223099752956e-02,8.543044796618284309e+00,2.327565728389322311e-02,1.011093002941067763e-03
2.281725000000000003e-01,1.849945177215898684e-01,6.661707249949820664e+01,6.693054747810415961e+01,-3.134749786059483068e-01,3.331537177887121115e-01,1.085172583524247457e+05,4.196928018429931795e-01,1.767803234703878984e-02,8.581916422438347070e+00,2.418403242269429390e-02,1.018664379214589922e-03
2.350774999999999948e-01,1.870506364350698059e-01,6.603604739828077186e+01,6.632126110132357155e+01,-2.852137030427927544e-01,3.440759126024922065e-01,1.102333689824648172e+05,4.267041427640121398e-01,1.745296634734542704e-02,8.621805404940580786e+00,2.509298104896270920e-02,1.026348024102330869e-03
2.419825000000000170e-01,1.885661112331201705e-01,6.550853280761747044e+01,6.575141109901493053e+01,-2.428782913974640301e-01,3.549282330577938072e-01,1.116512187888710178e+05,4.345730082417574303e-01,1.727516851638537937e-02,8.662517990105737198e+00,2.600665330956346971e-02,1.033817816453034980e-03
2.488875000000000115e-01,1.892100530106501644e-01,6.497731663318189987e+01,6.515565926972601574e+01,-1.783426365441224681e-01,3.655446095357735015e-01,1.125738065943798865e+05,4.439036355456651983e-01,1.716651135189519242e-02,8.704372544005760659e+00,2.691396145059566855e-02,1.040808832750799795e-03
2.557925000000000337e-01,1.897383692197240901e-01,6.444839654567046239e+01,6.455975525159090012e+01,-1.113587059204317747e-01,3.759835214377982848e-01,1.134439205332685087e+05,4.530782910053834378e-01,1.706696560302089355e-02,8.747226848354229034e+00,2.781883715848944630e-02,1.047905287729483268e-03
2.626975000000000282e-01,1.901665432684714330e-01,6.393096922745662170e+01,6.397322126683603472e+01,-4.225203937941467841e-02,3.862905482278438662e-01,1.142691452506206406e+05,4.621370339567835162e-01,1.697519840879309697e-02,8.791018474035375618e+00,2.872453760050480004e-02,1.055108526565314703e-03
2.696025000000000227e-01,1.905025895942626391e-01,6.342214552203468969e+01,6.339359809812334845e+01,2.854742391134123397e-02,3.964764728143469474e-01,1.150534940835179295e+05,4.710893413904452820e-01,1.689037849226189894e-02,8.835746653244241244e+00,2.963196469645175413e-02,1.062420766547539971e-03
2.765075000000000727e-01,1.907534370519171907e-01,6.291840264149323048e+01,6.281773320539933536e+01,1.006694360938944210e-01,4.065504811485042280e-01,1.158004448123441398e+05,4.799432867471730146e-01,1.681179763374677366e-02,8.881415369430522233e+00,3.054192685938945939e-02,1.069844516806912286e-03
2.834125000000000116e-01,1.909297182992185371e-01,6.242441985470671995e+01,6.225112928696074732e+01,1.732905677459740945e-01,4.165508807164657323e-01,1.165151699001167290e+05,4.887325380941229258e-01,1.673863182748509468e-02,8.927981200743669632e+00,3.145727476848166060e-02,1.077382207247770370e-03
2.903175000000000616e-01,1.904224534089187792e-01,6.201323557460531077e+01,6.174958806189839322e+01,2.636475127069186075e-01,4.265687759175961768e-01,1.168190823186364141e+05,4.991843277963166070e-01,1.670198347838565064e-02,8.975113720710016452e+00,3.238387350235447104e-02,1.083517430505449852e-03
2.972225000000000006e-01,1.898376917431304489e-01,6.155430431786356138e+01,6.120375950467946069e+01,3.505448131840986359e-01,4.363048462096085212e-01,1.170870255451041885e+05,5.094093746569835490e-01,1.666951239069478299e-02,9.023409250270033155e+00,3.330124447087741413e-02,1.089723776101765877e-03
3.041275000000000506e-01,1.892157923633828731e-01,6.109881744877573340e+01,6.066123335567402108e+01,4.375840931017139779e-01,4.458513512840020510e-01,1.173395090099898807e+05,5.194353357289116513e-01,1.663926985543682027e-02,9.072588473584323410e+00,3.421535661628476860e-02,1.096033544078121912e-03
3.110325000000000450e-01,1.885607077094318684e-01,6.064579523799025651e+01,6.012298448982100041e+01,5.228107481692546576e-01,4.552314718414669503e-01,1.175782753069847677e+05,5.292865559216697324e-01,1.661099702895513577e-02,9.122633175475421297e+00,3.512790604412548146e-02,1.102445426591825740e-03
3.179375000000000395e-01,1.878764867696209873e-01,6.020184800329035113e+01,5.959454651112091028e+01,6.073014921694409596e-01,4.644666532939011883e-01,1.178048254802135925e+05,5.389855577042858004e-01,1.658447332778584596e-02,9.173498112560016793e+00,3.604037378573006489e-02,1.108954793369076050e-03
3.248425000000000340e-01,1.871641615647835211e-01,5.975985263633717892e+01,5.906912449592329040e+01,6.907281404138869707e-01,4.735448461367495754e-01,1.180197158798508608e+05,5.485196864075729817e-01,1.655959531965337656e-02,9.225208655795873014e+00,3.695192635784219637e-02,1.115564239407855832e-03
3.317475000000000285e-01,1.864263533986247612e-01,5.932113242547222143e+01,5.854799711888833258e+01,7.731353065838901806e-01,4.824745103208827879e-01,1.182239250285670423e+05,5.578978268681745734e-01,1.653621474899080040e-02,9.277744222511273620e+00,3.786313247313854990e-02,1.122271605107453283e-03
3.386525000000000230e-01,1.856661802792770599e-01,5.889079672000599430e+01,5.803595806679081193e+01,8.548386532151820427e-01,4.912722596955803045e-01,1.184185128089634527e+05,5.671374273359822693e-01,1.651417943526053977e-02,9.331063092853979057e+00,3.877511900824179292e-02,1.129072499999789680e-03
3.455575000000000174e-01,1.848848778821289285e-01,5.846549632027837617e+01,5.752992150574469576e+01,9.355748145336784116e-01,4.999323653406933521e-01,1.186039616444907442e+05,5.762324711661667154e-01,1.649340696690778513e-02,9.385169726888857866e+00,3.968744642042709020e-02,1.135967232052585360e-03
3.524625000000000674e-01,1.840839701259292804e-01,5.804442260263959241e+01,5.702888958420239618e+01,1.015533018437196455e+00,5.084531090051019886e-01,1.187807999720077642e+05,5.851811538115446742e-01,1.647381234429464228e-02,9.440056635032883392e+00,4.059992942800663696e-02,1.142954817037705349e-03
3.593675000000000619e-01,1.832652235545229047e-01,5.762813347810180886e+01,5.653327992976262806e+01,1.094853548339182359e+00,5.168385646165474245e-01,1.189496284864629124e+05,5.939877538055295947e-01,1.645530532764007819e-02,9.495708083640968411e+00,4.151280107659170021e-02,1.150033502112485879e-03
3.662725000000000564e-01,1.824305056907898903e-01,5.721841576359784654e+01,5.604463085468425732e+01,1.173784908913587000e+00,5.250957532424529450e-01,1.191110530273892800e+05,6.026596448359916591e-01,1.643779802593430331e-02,9.552101493071074145e+00,4.242649999465251953e-02,1.157200824437467452e-03
3.731775000000000508e-01,1.815811562659507272e-01,5.681496413252378375e+01,5.556249086875702403e+01,1.252473263766763045e+00,5.332255193034700635e-01,1.192655112998792029e+05,6.111977137330865117e-01,1.642122334268120848e-02,9.609226343738290765e+00,4.334101928181546132e-02,1.164455529748518060e-03
3.800825000000000453e-01,1.807184835616736374e-01,5.641778917232687718e+01,5.508692326319511068e+01,1.330865909131769387e+00,5.412284054478274653e-01,1.194134012598751433e+05,6.196025303985714938e-01,1.640552039930400635e-02,9.667069056806079530e+00,4.425630733138924411e-02,1.171795977424316829e-03
3.869875000000000398e-01,1.798435937651478300e-01,5.602602809185002997e+01,5.461738035108977840e+01,1.408647740760253564e+00,5.491029185118201372e-01,1.195550543332537636e+05,6.278725266772875457e-01,1.639063707136758155e-02,9.725619958304356771e+00,4.517215592344979436e-02,1.179220911911379446e-03
3.938925000000000343e-01,1.789576082587496508e-01,5.563942216741191515e+01,5.415377528950345720e+01,1.485646877908455288e+00,5.568485756725631841e-01,1.196907955437275523e+05,6.360071954974412245e-01,1.637652337222572640e-02,9.784866683471223681e+00,4.608841763410062575e-02,1.186728788474510033e-03
4.007975000000000287e-01,1.780615037336719664e-01,5.525714792428243527e+01,5.369544803351261919e+01,1.561699890769816079e+00,5.644643064784398145e-01,1.198209164246873115e+05,6.440054126459147099e-01,1.636313416652274838e-02,9.844800647730806986e+00,4.700490537450345563e-02,1.194318491777330649e-03
4.077025000000000232e-01,1.771564393733746912e-01,5.487973791573758575e+01,5.324304301512471937e+01,1.636694900612867043e+00,5.719528203135285649e-01,1.199457501886780810e+05,6.518700235807137755e-01,1.635042135417554346e-02,9.905405253499889540e+00,4.792170106675422425e-02,1.201988089813211093e-03
4.146075000000000732e-01,1.762433385245813777e-01,5.450668133814814098e+01,5.279616873457695192e+01,1.710512603571185508e+00,5.793146433356228808e-01,1.200655702759309643e+05,6.596015808849591266e-01,1.633834423957938875e-02,9.966670558115168888e+00,4.883873214124501150e-02,1.209736363696557564e-03
4.215125000000000677e-01,1.753232195403316984e-01,5.413843010985313242e+01,5.235535924538073971e+01,1.783070864472391825e+00,5.865522985532778399e-01,1.201806623303174856e+05,6.672027342807587136e-01,1.632686205597319931e-02,1.002858089477460979e+01,4.975606135612103964e-02,1.217561482396572808e-03
4.284175000000000622e-01,1.743968856839852033e-01,5.377453032611280292e+01,5.192026281652776731e+01,1.854267509585034945e+00,5.936656831202689055e-01,1.202912513111359731e+05,6.746733757566221179e-01,1.631594116980646450e-02,1.009112633966907246e+01,5.067355349591986385e-02,1.225462197581544737e-03
4.353225000000000566e-01,1.734650841436606861e-01,5.341444397176195480e+01,5.149043352445247024e+01,1.924010447309485672e+00,6.006547023109626293e-01,1.203975472583556111e+05,6.820134058294919921e-01,1.630555030862615440e-02,1.015429776594677236e+01,5.159107146035765701e-02,1.233437354724226109e-03
4.422275000000000511e-01,1.725287168974244112e-01,5.305890411788825389e+01,5.106665620790683846e+01,1.992247909981413212e+00,6.075222907119829374e-01,1.204997909944694547e+05,6.892259064703116778e-01,1.629565607579275613e-02,1.021807832314207509e+01,5.250869395546008817e-02,1.241484990123616289e-03
4.491325000000000456e-01,1.715883619226675760e-01,5.270682734771783373e+01,5.064799419341237297e+01,2.058833154305458102e+00,6.142671418577790865e-01,1.205981457604174211e+05,6.963095055986552318e-01,1.628623341671707123e-02,1.028246235761650595e+01,5.342618759487600261e-02,1.249604313511967118e-03
4.560375000000000401e-01,1.706448342416857500e-01,5.235885180255989724e+01,5.023525124241178474e+01,2.123600560148112049e+00,6.208921776986058294e-01,1.206928244978872972e+05,7.032672719144580364e-01,1.627725322329157814e-02,1.034743319509610338e+01,5.434362331214189629e-02,1.257793378205859314e-03
4.629425000000000345e-01,1.696987065899956681e-01,5.201483949090948045e+01,4.982801824598906393e+01,2.186821244920413854e+00,6.273968374912773927e-01,1.207839778135036322e+05,7.100986165122193938e-01,1.626869302844858103e-02,1.041298210764166932e+01,5.526080651130804711e-02,1.266051048025796256e-03
4.698475000000000290e-01,1.687505551145925264e-01,5.167471961856201546e+01,4.942616505619042044e+01,2.248554562371591903e+00,6.337809036968061749e-01,1.208717517689612141e+05,7.168033109274485337e-01,1.626053135922875259e-02,1.047909873350683974e+01,5.617755755060047096e-02,1.274376000097569980e-03
4.767525000000000790e-01,1.678009166904823879e-01,5.133828336961969541e+01,4.902950606773093511e+01,2.308777301888762068e+00,6.400441072844738066e-01,1.209562828341978748e+05,7.233810726178442341e-01,1.625274817283971565e-02,1.054577324585429743e+01,5.709368887258006037e-02,1.282766971143467364e-03
4.836575000000000735e-01,1.668502849642531927e-01,5.100525057344314916e+01,4.863770426163557659e+01,2.367546311807572579e+00,6.461863481514683594e-01,1.210377014807463856e+05,7.298317964531118029e-01,1.624532448199421733e-02,1.061299699333867075e+01,5.800902838084169566e-02,1.291222845471803535e-03
4.905625000000000679e-01,1.658992464699448610e-01,5.067615688348940495e+01,4.825122106382821130e+01,2.424935819661191871e+00,6.522098555059038238e-01,1.211161604664882616e+05,7.361578235993212482e-01,1.623823978158066977e-02,1.068075633451255513e+01,5.892358147599741774e-02,1.299742003852600311e-03
4.974675000000000624e-01,1.649482337555173705e-01,5.035068502054290462e+01,4.786969017353595035e+01,2.480994847006955606e+00,6.581147109694960307e-01,1.211917760274224856e+05,7.423592397774925189e-01,1.623147737297979398e-02,1.074904315683152767e+01,5.983718812860196190e-02,1.308323400761132304e-03
5.043725000000000014e-01,1.639977377237924472e-01,5.002919727735202571e+01,4.749335234365945979e+01,2.535844933692568581e+00,6.639024249938766387e-01,1.212646754833535670e+05,7.484376312989653446e-01,1.622502000369611258e-02,1.081784558095205817e+01,6.074979327422015685e-02,1.316965595895990557e-03
5.112774999999999403e-01,1.630481695083385030e-01,4.971168330441324201e+01,4.712212985503204266e+01,2.589553449381197581e+00,6.695733059403580212e-01,1.213349639445981447e+05,7.543933220119430905e-01,1.621885281588783187e-02,1.088715394881319654e+01,6.166124181569554441e-02,1.325667362466129802e-03
5.181824999999999903e-01,1.620998676429831198e-01,4.939749590866757956e+01,4.675559690615820330e+01,2.641899002509374039e+00,6.751267481677311055e-01,1.214027294757105410e+05,7.602256758579792884e-01,1.621296280190070299e-02,1.095696102689895746e+01,6.257130363933829931e-02,1.334427724012497533e-03
5.250875000000000403e-01,1.611532576510217307e-01,4.908727286851505056e+01,4.639410965294049305e+01,2.693163215574557068e+00,6.805642599609559307e-01,1.214680804393668077e+05,7.659362768729255366e-01,1.620733553074947542e-02,1.102725469364205324e+01,6.347991189891019626e-02,1.343245205473856535e-03
5.319924999999999793e-01,1.602086481811106078e-01,4.878078266358657089e+01,4.603736794586927061e+01,2.743414717717302942e+00,6.858854217194535474e-01,1.215310964568882046e+05,7.715246843825205314e-01,1.620195938967707722e-02,1.109802723729560370e+01,6.438684281177742275e-02,1.352118776732133716e-03
5.388975000000000293e-01,1.592663531482149120e-01,4.847795633520670577e+01,4.568525450424350254e+01,2.792701830963204568e+00,6.910903030444893735e-01,1.215918584471390495e+05,7.769909714836278347e-01,1.619682293917390145e-02,1.116926993001586510e+01,6.529190764105080591e-02,1.361047304582841799e-03
5.458025000000000793e-01,1.583266912223561529e-01,4.817890791969382036e+01,4.533783717986334949e+01,2.841070739830468206e+00,6.961794794244882123e-01,1.216504486922743381e+05,7.823357425675405707e-01,1.619191490975900941e-02,1.124097301994692799e+01,6.619495555955186294e-02,1.370029553242622542e-03
5.527075000000000182e-01,1.573899222889811045e-01,4.788350530066380628e+01,4.499489558367576336e+01,2.888609716988042919e+00,7.011526345502536728e-01,1.217069349595248059e+05,7.875586654390031027e-01,1.618722551593161293e-02,1.131312877319150978e+01,6.709575935871667229e-02,1.379064488226806797e-03
5.596124999999999572e-01,1.564562786741852118e-01,4.759162194011492630e+01,4.465608235416244298e+01,2.935539585952484654e+00,7.060094838114350235e-01,1.217613817182107887e+05,7.926594411936234152e-01,1.618274548036096119e-02,1.138573043940961504e+01,6.799409600481119698e-02,1.388151194106964888e-03
5.665174999999998962e-01,1.555260296312927781e-01,4.730321151774779764e+01,4.432137334532390582e+01,2.981838172423891820e+00,7.107514922946970293e-01,1.218138692239389493e+05,7.976396084994010760e-01,1.617846446997269969e-02,1.145876938394915534e+01,6.888989627421308881e-02,1.397288609211910521e-03
5.734225000000000572e-01,1.545994757965902522e-01,4.701831938936591371e+01,4.399109552143004720e+01,3.027223867935862955e+00,7.153815393875195827e-01,1.218644889075742394e+05,8.025021913558586517e-01,1.617437151986177157e-02,1.153223491561886149e+01,6.978321611825383242e-02,1.406475490665590753e-03
5.803274999999999961e-01,1.536768804406529743e-01,4.673707490220773053e+01,4.366548681101296836e+01,3.071588091194759951e+00,7.199017651846747468e-01,1.219133196253830974e+05,8.072494373401681855e-01,1.617045696209023012e-02,1.160611707502836332e+01,7.067404638364692404e-02,1.415710649671164233e-03
5.872324999999999351e-01,1.527584392664606272e-01,4.645942500818479459e+01,4.334446513511473853e+01,3.114959873070056062e+00,7.243125405394621463e-01,1.219604175069817429e+05,8.118817359310663839e-01,1.616671318000834773e-02,1.168040807889359201e+01,7.156221791854373848e-02,1.424993075238460910e-03
5.941375000000000961e-01,1.518443450642182058e-01,4.618555012877452981e+01,4.302815649622447580e+01,3.157393632550054452e+00,7.286137384332908029e-01,1.220058306092233834e+05,8.163989537306834965e-01,1.616313337783864892e-02,1.175509895385334858e+01,7.244750221472887053e-02,1.434321584853733489e-03
6.010425000000000351e-01,1.509346822936566135e-01,4.591476862284136473e+01,4.271594007114769198e+01,3.198828551693675415e+00,7.328025080381274092e-01,1.220495762366871058e+05,8.207980967332899613e-01,1.615971331793204444e-02,1.183018556907099850e+01,7.332942435036007844e-02,1.443695447134853930e-03
6.079474999999999740e-01,1.500295528338241036e-01,4.564654295658704797e+01,4.240733672186902936e+01,3.239206234718018163e+00,7.368770682516326831e-01,1.220916815322775365e+05,8.250772943838945439e-01,1.615644808785466485e-02,1.190566303157388361e+01,7.420760230587448991e-02,1.453113887074418496e-03
6.148524999999999130e-01,1.491291379342124246e-01,4.538103065636459377e+01,4.210252837030586193e+01,3.278502286058730508e+00,7.408386082054848609e-01,1.221322022634218301e+05,8.292377955361691644e-01,1.615333069331376450e-02,1.198152248356787730e+01,7.508192275523516146e-02,1.462575794161631668e-03
6.217575000000000740e-01,1.482336092010438366e-01,4.511832790052671527e+01,4.180170853239370388e+01,3.316619368133013612e+00,7.446885724107346061e-01,1.221711940396693681e+05,8.332811172491262353e-01,1.615035433223086306e-02,1.205775517734460323e+01,7.595229876145377645e-02,1.472080084323096425e-03
6.286625000000000130e-01,1.473430696745286206e-01,4.485798930481480795e+01,4.150456431533530122e+01,3.353424989479507179e+00,7.484269469689770471e-01,1.222086952470900287e+05,8.372072449263385785e-01,1.614751367805817087e-02,1.213435565998667442e+01,7.681851500163956736e-02,1.481626000293667211e-03
6.355674999999999519e-01,1.464576793634288776e-01,4.460034446201913738e+01,4.121140703295148455e+01,3.388937429067652829e+00,7.520553912699372567e-01,1.222447588563921017e+05,8.410179212973869500e-01,1.614480244482658852e-02,1.221131476234217850e+01,7.768050252929054045e-02,1.491212416990553855e-03
6.424725000000001129e-01,1.455775142891367058e-01,4.434536838673301418e+01,4.092189319515322410e+01,3.423475191579787857e+00,7.555735046547550349e-01,1.222794151809298201e+05,8.447127255810430446e-01,1.614221619413418532e-02,1.228862749053339343e+01,7.853800611810238252e-02,1.500838611544049557e-03
6.493775000000000519e-01,1.447026709138947709e-01,4.409278360083391135e+01,4.063590610189235264e+01,3.456877498941555160e+00,7.589819170190983399e-01,1.223127029367701616e+05,8.482923193083478086e-01,1.613974997780963025e-02,1.236628759278223377e+01,7.939086663446888459e-02,1.510503760126815720e-03
6.562824999999999909e-01,1.438333107057941929e-01,4.384311115988747787e+01,4.035408314782858241e+01,3.489028012058894124e+00,7.622831153000914073e-01,1.223446768756878882e+05,8.517593143183573856e-01,1.613739779890483589e-02,1.244428438661538294e+01,8.023909083611292792e-02,1.520206596015978616e-03
6.631874999999999298e-01,1.429694560136555159e-01,4.359566472818871574e+01,4.007592202392423530e+01,3.519742704264477773e+00,7.654752738375246723e-01,1.223753481359843718e+05,8.551117932603705674e-01,1.613515699209000856e-02,1.252261422228849064e+01,8.108227771280639151e-02,1.529946482417438806e-03
6.700925000000000908e-01,1.421111589532077502e-01,4.335051114913803616e+01,3.980131728627630139e+01,3.549193862861736548e+00,7.685572244758496208e-01,1.224047331614970462e+05,8.583485293103343405e-01,1.613302457487687802e-02,1.260127114115186231e+01,8.192007425530856146e-02,1.539722532289448291e-03
6.769975000000000298e-01,1.412583859081335824e-01,4.310694802580946572e+01,3.952922330461684908e+01,3.577724721192614865e+00,7.715262525744690514e-01,1.224328326954668737e+05,8.614666714897234456e-01,1.613099877088270545e-02,1.268025491597766141e+01,8.275199342169108074e-02,1.549534472256500379e-03
6.839024999999999688e-01,1.404113015518683449e-01,4.286583763874567410e+01,3.926048689217347487e+01,3.605350746572198339e+00,7.743868200686619963e-01,1.224597139971328143e+05,8.644709058264679058e-01,1.612907310376767225e-02,1.275955422374769554e+01,8.357824091004746603e-02,1.559381060064344215e-03
6.908074999999999077e-01,1.395699897436692427e-01,4.262720751870459424e+01,3.899526711778523946e+01,3.631940400919357437e+00,7.771411578709921386e-01,1.224854210681917175e+05,8.673635752766916118e-01,1.612724291604789723e-02,1.283916201125125056e+01,8.439881728694094420e-02,1.569261457376092909e-03
6.977125000000000687e-01,1.387344819915295735e-01,4.239082425181822344e+01,3.873332722594557254e+01,3.657497025872651797e+00,7.797896357332101402e-01,1.225099789248969173e+05,8.701450681622592276e-01,1.612550501090231903e-02,1.291907365741036173e+01,8.521353944194436092e-02,1.579175022125805681e-03
7.046175000000000077e-01,1.379048202424793257e-01,4.215664035567280621e+01,3.847460609881697735e+01,3.682034256855827081e+00,7.823330927605028906e-01,1.225334156468229630e+05,8.728162657309019856e-01,1.612385606255874876e-02,1.299928362011539917e+01,8.602226872091917054e-02,1.589121025224431247e-03
7.115224999999999467e-01,1.370810367155215481e-01,4.192452676939490175e+01,3.821896095918836522e+01,3.705565810206534749e+00,7.847724876543509254e-01,1.225557591117101401e+05,8.753781748331537216e-01,1.612229284831666679e-02,1.307978695496180777e+01,8.682488386522460577e-02,1.599098817448857922e-03
7.184275000000001077e-01,1.362631960956153243e-01,4.169476003052506741e+01,3.796664228316058143e+01,3.728117747364485535e+00,7.871102314775014763e-01,1.225770491329864744e+05,8.778333276230383397e-01,1.612081140351923764e-02,1.316057659147551107e+01,8.762141177883446541e-02,1.609107571731727745e-03
7.253325000000000466e-01,1.354513649660576413e-01,4.146782234478205709e+01,3.771810921271357131e+01,3.749713132068486221e+00,7.893484302511217798e-01,1.225973212968081643e+05,8.801839358928382762e-01,1.611940815628612814e-02,1.324164441622095190e+01,8.841184276574198808e-02,1.619146318484842792e-03
7.322374999999999856e-01,1.346455078841417297e-01,4.124321083289001422e+01,3.747287536107444339e+01,3.770335471815567274e+00,7.914850299832257852e-01,1.226165724826222868e+05,8.824278424925242614e-01,1.611808228474690893e-02,1.332298777441830850e+01,8.919573859884487310e-02,1.629214520389679621e-03
7.391424999999999246e-01,1.338456151303024089e-01,4.102078929668858365e+01,3.723081508543620544e+01,3.789974211252376435e+00,7.935186989266019841e-01,1.226348055158221687e+05,8.845636487902832634e-01,1.611683259710890506e-02,1.340460203309481990e+01,8.997272240405844446e-02,1.639311435955414196e-03
7.460475000000000856e-01,1.330516385546195723e-01,4.079989800776564834e+01,3.699128709021393036e+01,3.808610917551721542e+00,7.954473870332608998e-01,1.226520161722017947e+05,8.865892017781633605e-01,1.611565842752598135e-02,1.348648551864835810e+01,9.074234986416768178e-02,1.649436641444557844e-03
7.529525000000000245e-01,1.322636428254980456e-01,4.058119478734523966e+01,3.675492057555636904e+01,3.826274211788868840e+00,7.972738615599457290e-01,1.226682423819668038e+05,8.885074076933865417e-01,1.611455629200108514e-02,1.356862965294194190e+01,9.150467577376296402e-02,1.659589144637118848e-03
7.598574999999999635e-01,1.314816107965157965e-01,4.036439312159345860e+01,3.652142661595124906e+01,3.842966505642207764e+00,7.989981232636770292e-01,1.226834963840806595e+05,8.903182673309932849e-01,1.611352452835456556e-02,1.365103105465348676e+01,9.225947638640258353e-02,1.669768430318822536e-03
7.667625000000001245e-01,1.307056048814506655e-01,4.015037290755964250e+01,3.629166068973573545e+01,3.858712217823908386e+00,8.006226709587438428e-01,1.226978115835053468e+05,8.920244050037128281e-01,1.611256010736791811e-02,1.373368024343563576e+01,9.300677531102677364e-02,1.679973383222787674e-03
7.736675000000000635e-01,1.299355028484004693e-01,3.993776702428410630e+01,3.606430362492579889e+01,3.873463399358308745e+00,8.021426377348046532e-01,1.227111557388981018e+05,8.936207093694104042e-01,1.611166447398735060e-02,1.381657952680312818e+01,9.374582049715177168e-02,1.690203897305133773e-03
7.805725000000000025e-01,1.291713820076944852e-01,3.972779142416199960e+01,3.584054277579846115e+01,3.887248648363540227e+00,8.035611346495892260e-01,1.227235661309500138e+05,8.951104477330789067e-01,1.611083444333779105e-02,1.389971791421142910e+01,9.447669266240164843e-02,1.700458706624266006e-03
7.874774999999999414e-01,1.284131846154258905e-01,3.952017974211422313e+01,3.562014628230687663e+01,3.900033459807346059e+00,8.048748401068255287e-01,1.227350229174857086e+05,8.964901316772648787e-01,1.611007070964566926e-02,1.398309208404379334e+01,9.519877085657590943e-02,1.710737102149059979e-03
7.943825000000001024e-01,1.276608008838045760e-01,3.931411303617566944e+01,3.540235982227432032e+01,3.911753213901350446e+00,8.060774114646666044e-01,1.227454796352445555e+05,8.977531000123752936e-01,1.610937576133362678e-02,1.406670140427925197e+01,9.591108224503233637e-02,1.721038516647953190e-03
8.012875000000000414e-01,1.269141356938698617e-01,3.910886743930398524e+01,3.518651548971595844e+01,3.922351949588029463e+00,8.071634604704757132e-01,1.227548979051500792e+05,8.988936938705041069e-01,1.610875156495003221e-02,1.415054474849242894e+01,9.661274558191529360e-02,1.731362370432872923e-03
8.081924999999999804e-01,1.261730472283291160e-01,3.890253019939476076e+01,3.497075047454463714e+01,3.931779724850121838e+00,8.081282588852131132e-01,1.227632446588770399e+05,8.999069475453345124e-01,1.610819976409843396e-02,1.423462703654284667e+01,9.730298372931900364e-02,1.741708855376662094e-03
8.150974999999999193e-01,1.254376427222469170e-01,3.869577566272505464e+01,3.475563235036607068e+01,3.940143312358983518e+00,8.089829934501354680e-01,1.227706235315978993e+05,9.008046096120239099e-01,1.610771303324670320e-02,1.431894113511370215e+01,9.798284993961299538e-02,1.752077656093172951e-03
8.220025000000000803e-01,1.247083708449169132e-01,3.849452868079757906e+01,3.454683060140972373e+01,3.947698079387856218e+00,8.097539967832991792e-01,1.227772669530485873e+05,9.016143351968727293e-01,1.610727568715412603e-02,1.440345506362867312e+01,9.865510290647150349e-02,1.762466365524362590e-03
8.289075000000000193e-01,1.239851599722145981e-01,3.829929702813691961e+01,3.434491619641727311e+01,3.954380831719642941e+00,8.104351975882305714e-01,1.227831266617352667e+05,9.023297480834931994e-01,1.610689062172942360e-02,1.448816248221760183e+01,9.931877947012289487e-02,1.772873742671855551e-03
8.358124999999999583e-01,1.232672670146131993e-01,3.810093975197945326e+01,3.414114689208357589e+01,3.959792859895875150e+00,8.109863356929333245e-01,1.227878607717542036e+05,9.029085661053708467e-01,1.610657999573462604e-02,1.457310157511486359e+01,9.996898908577650511e-02,1.783301853861106326e-03
8.427175000000001193e-01,1.225548326273799005e-01,3.790148713882654619e+01,3.393746436207491257e+01,3.964022776751635835e+00,8.114167730999712891e-01,1.227915538799813075e+05,9.033606214547615920e-01,1.610633796773641019e-02,1.465825863208583790e+01,1.006065213398476405e-01,1.793749468344539447e-03
8.496225000000000582e-01,1.218484920015878714e-01,3.771208373415740311e+01,3.374473457897509832e+01,3.967349155182308351e+00,8.117550753050548629e-01,1.227944538846698415e+05,9.037159142778716792e-01,1.610614809620813589e-02,1.474357893825480303e+01,1.012343045240373385e-01,1.804211561753508520e-03
8.565274999999999972e-01,1.211465521665568285e-01,3.750785619699288276e+01,3.353894251662766379e+01,3.968913680365216745e+00,8.119141351500437365e-01,1.227958165944760840e+05,9.038829626166655640e-01,1.610605893059244287e-02,1.482916983313966419e+01,1.018419515792392677e-01,1.814695642667406988e-03
8.634324999999999362e-01,1.204498630624521172e-01,3.729808915433976324e+01,3.332875001378415902e+01,3.969339140555602441e+00,8.119573840032732193e-01,1.227961870323042385e+05,9.039283835655367305e-01,1.610603469795696824e-02,1.491498761896589720e+01,1.024367767181778577e-01,1.825200215156453764e-03
8.703375000000000972e-01,1.197602633438073633e-01,3.709748514653119145e+01,3.312803585170599519e+01,3.969449294825193153e+00,8.119733799553185971e-01,1.227969690436263045e+05,9.039404347651862626e-01,1.610595263541297895e-02,1.500096615478216044e+01,1.030293106887076177e-01,1.835724052373679128e-03
8.772425000000000361e-01,1.190775360645765640e-01,3.691111274663393971e+01,3.294162021448368449e+01,3.969492532150257880e+00,8.119836148988820446e-01,1.227978416245028347e+05,9.039454056254835335e-01,1.610585799619107528e-02,1.508708092508905096e+01,1.036220684302578271e-01,1.846264507815622907e-03
8.841474999999999751e-01,1.183985833601518683e-01,3.672993423932836521e+01,3.276081899740219683e+01,3.969115241926168824e+00,8.119346246029338632e-01,1.227959920966818172e+05,9.039044811153683634e-01,1.610604744958151965e-02,1.517336874639570610e+01,1.042084283445307014e-01,1.856817757438586217e-03
8.910525000000001361e-01,1.177268113125845145e-01,3.655734256242051572e+01,3.258953269058771696e+01,3.967809871832797430e+00,8.118019185104896618e-01,1.227948552557351213e+05,9.037651100988043362e-01,1.610612182981916926e-02,1.525980965900303410e+01,1.047849623053276752e-01,1.867387167267511774e-03
8.979575000000000751e-01,1.170592533915251060e-01,3.637020094945395243e+01,3.240548762500954894e+01,3.964713324444403941e+00,8.114870174369853695e-01,1.227921562183097849e+05,9.034343936868967084e-01,1.610629851787400216e-02,1.534649498801546486e+01,1.053393294956330717e-01,1.877974425575562123e-03
9.048625000000000140e-01,1.163970758833045432e-01,3.618756363077362437e+01,3.222702223115111764e+01,3.960541399622508063e+00,8.110625274017976283e-01,1.227885147580350022e+05,9.029885844053795463e-01,1.610653711797796483e-02,1.543334278183287900e+01,1.058800433512095129e-01,1.888574094668491214e-03
9.117674999999999530e-01,1.157400978176014728e-01,3.600712623839996951e+01,3.205190104287274266e+01,3.955225195527225512e+00,8.105212148702659603e-01,1.227838659241799178e+05,9.024200854283623841e-01,1.610684208763505168e-02,1.552035977454972482e+01,1.064059571493092965e-01,1.899186395185393931e-03
9.186725000000001140e-01,1.150879585613166084e-01,3.582357982758354353e+01,3.187501078338148019e+01,3.948569044202064227e+00,8.098428200921214959e-01,1.227780315408355673e+05,9.017076194961626268e-01,1.610722540636338670e-02,1.560756332718701955e+01,1.069142548725735969e-01,1.909811966930214907e-03
9.255775000000000530e-01,1.144408764947153906e-01,3.564075705868014410e+01,3.169999518759540535e+01,3.940761871084738299e+00,8.090461581644582401e-01,1.227711682453154499e+05,9.008709466601880766e-01,1.610767714281200955e-02,1.569493564226508475e+01,1.074070060185968872e-01,1.920449740595549367e-03
9.324824999999999919e-01,1.137989141252299663e-01,3.546023900754401836e+01,3.152834538007653364e+01,3.931893627467481167e+00,8.081399076725507280e-01,1.227633453211100859e+05,8.999191813720039956e-01,1.610819311728971595e-02,1.578246818832913156e+01,1.078850452151095957e-01,1.931099123971379526e-03
9.393874999999999309e-01,1.131619140569699311e-01,3.528026998212995835e+01,3.135837640256967518e+01,3.921893579560280063e+00,8.071165219922411538e-01,1.227544913465871068e+05,8.988443979918669946e-01,1.610877847556192385e-02,1.587016465183195102e+01,1.083471374684389643e-01,1.941759930683943257e-03
9.462925000000000919e-01,1.125297925782855896e-01,3.510026014268986216e+01,3.118952099370568476e+01,3.910739148984177405e+00,8.059734247006796748e-01,1.227445766014000546e+05,8.976438907007369128e-01,1.610943569655073210e-02,1.595802422215609795e+01,1.087926645526212238e-01,1.952431751636748850e-03
9.531975000000000309e-01,1.119025064074993109e-01,3.491982300280822926e+01,3.102136954174962113e+01,3.898453461058608127e+00,8.047125886730829292e-01,1.227336098365745274e+05,8.963197314579290920e-01,1.611016477757570148e-02,1.604604552261173467e+01,1.092216132403591167e-01,1.963114416451312415e-03
9.601024999999999698e-01,1.112801348042056354e-01,3.474071130717219091e+01,3.085556210621162521e+01,3.885149200960567484e+00,8.033452312510731552e-01,1.227216798637578613e+05,8.948837009758152661e-01,1.611096041796496875e-02,1.613421999861670741e+01,1.096351881123870803e-01,1.973807517299443464e-03
9.670075000000001308e-01,1.106626450692782954e-01,3.456274877794037081e+01,3.069188725133193429e+01,3.870861526608433412e+00,8.018746893747723536e-01,1.227088068179906841e+05,8.933393037863162078e-01,1.611182189254955349e-02,1.622254594243010928e+01,1.100335918249626954e-01,1.984510953640245424e-03
9.739125000000000698e-01,1.100500868730929643e-01,3.438799526984297472e+01,3.053233069016933499e+01,3.855664579673637071e+00,8.003083949872196179e-01,1.226950465182467597e+05,8.916943450884046163e-01,1.611274610010101499e-02,1.631101420784822054e+01,1.104175509147686807e-01,1.995224005495131563e-03
9.808175000000000088e-01,1.094422769051761890e-01,3.421454112951813187e+01,3.037508646359432163e+01,3.839454665923809351e+00,7.986355252999441934e-01,1.226802937483366550e+05,8.899374585385801950e-01,1.611374080135603154e-02,1.639962862882723726e+01,1.107853693457410138e-01,2.005946270821428422e-03
9.877224999999999477e-01,1.088391639986268644e-01,3.404339967607100448e+01,3.022118985643039224e+01,3.822209819640608686e+00,7.968537420445327424e-01,1.226645162912478700e+05,8.880661884331169098e-01,1.611480896019839085e-02,1.648838347714244890e+01,1.111364365349099270e-01,2.016676759687454669e-03
9.946275000000001087e-01,1.082405695403755863e-01,3.387341091212404365e+01,3.006960521103351525e+01,3.803805701090531954e+00,7.949502302955943067e-01,1.226475873193694279e+05,8.860670762401107181e-01,1.611596007186391968e-02,1.657727975842789192e+01,1.114687106749496226e-01,2.027414558864430814e-03
1.001532500000000159e+00,1.076462652471901343e-01,3.370177293047667177e+01,2.991768361648236052e+01,3.784089313994311699e+00,7.929094188248816399e-01,1.226293522075157089e+05,8.839237686944632078e-01,1.611720574513584789e-02,1.666632296695295778e+01,1.117797520457965293e-01,2.038159087545822912e-03
1.008437500000000098e+00,1.070562818452140963e-01,3.353013378584547866e+01,2.976700993360313774e+01,3.763123852242338252e+00,7.907379694481114774e-01,1.226098524612222100e+05,8.816432621895688992e-01,1.611854436271851695e-02,1.675550570774722914e+01,1.120701375111350373e-01,2.048909758265452397e-03
1.015342500000000259e+00,1.064705711081771894e-01,3.335809529655950456e+01,2.961716929874159376e+01,3.740925997817913462e+00,7.884377838072751388e-01,1.225890863267402892e+05,8.792275538739584562e-01,1.611997731366648576e-02,1.684482683142541148e+01,1.123398270253993109e-01,2.059666414105873217e-03
1.022247500000000198e+00,1.058891671481088648e-01,3.318688870257887658e+01,2.946930899684115701e+01,3.717579705737719564e+00,7.860178766023909747e-01,1.225671158109223761e+05,8.766861111946973040e-01,1.612150162030715622e-02,1.693428093362635778e+01,1.125897760584987362e-01,2.070428895792100245e-03
1.029152500000000137e+00,1.053120941436044983e-01,3.301816691028425765e+01,2.932501534792404740e+01,3.693151562360210249e+00,7.834855670749318879e-01,1.225439879770568805e+05,8.740266209889592242e-01,1.612311531470067907e-02,1.702386187154952069e+01,1.128207179297696650e-01,2.081196843879624600e-03
1.036057500000000076e+00,1.047392616952557004e-01,3.285252016479289239e+01,2.918492796432148495e+01,3.667592200471406549e+00,7.808360223420466317e-01,1.225196382695635548e+05,8.712440076510696851e-01,1.612482426172179295e-02,1.711356638257558771e+01,1.130316678325776897e-01,2.091969372304226891e-03
1.042962500000000237e+00,1.041704008970720380e-01,3.268764517854081220e+01,2.904696276742901517e+01,3.640682411111800132e+00,7.780470051939427645e-01,1.224938381882143876e+05,8.683149171474848771e-01,1.612664609881470090e-02,1.720339786792495218e+01,1.132191370831667904e-01,2.102745120804247296e-03
1.049867500000000176e+00,1.036051780409069228e-01,3.251818968916963826e+01,2.890602337333247362e+01,3.612166315837164188e+00,7.750926787455023614e-01,1.224663183716190397e+05,8.652122149821365182e-01,1.612860184796325452e-02,1.729336575310327007e+01,1.133790811877628119e-01,2.113523164259859585e-03
1.056772500000000115e+00,1.030437474193245384e-01,3.234741393905412821e+01,2.876517136205735525e+01,3.582242576996772954e+00,7.719944309656745496e-01,1.224372450820356025e+05,8.619583632961347330e-01,1.613068185670363600e-02,1.738346033030873272e+01,1.135141940175795200e-01,2.124303711046685202e-03
1.063677500000000054e+00,1.024863023250660587e-01,3.218012520206981009e+01,2.862882016180975242e+01,3.551305040260057666e+00,7.687775968313497188e-01,1.224068258262092859e+05,8.585799694698851292e-01,1.613287325597553834e-02,1.747367034628047122e+01,1.136278079908887573e-01,2.135087108779365212e-03
1.070582499999999992e+00,1.019326931615701787e-01,3.201519221232923940e+01,2.849584803649559106e+01,3.519344175833645227e+00,7.654336123001694858e-01,1.223749493878363719e+05,8.550680393474499041e-01,1.613518602586824432e-02,1.756399692791622869e+01,1.137183771813748551e-01,2.145872709476572601e-03
1.077487500000000153e+00,1.013826835607608279e-01,3.184903107011260559e+01,2.836327623509060913e+01,3.485754835021997788e+00,7.619452766642264008e-01,1.223414166817559744e+05,8.514045083463934738e-01,1.613763688242666680e-02,1.765444416335055067e+01,1.137830579812101200e-01,2.156659560846271341e-03
1.084392500000000092e+00,1.008363642620993123e-01,3.168690359230260967e+01,2.823644752387057721e+01,3.450456068432033785e+00,7.583253197322415984e-01,1.223063122408864583e+05,8.476027456071177912e-01,1.614022208049009990e-02,1.774500063720282839e+01,1.138233458999863695e-01,2.167447062071898699e-03
1.091297500000000031e+00,1.002932857283187484e-01,3.152246711788440336e+01,2.810920744195678722e+01,3.413259675927614367e+00,7.545340206549524531e-01,1.222692070007088332e+05,8.436210353723542221e-01,1.614297601989833283e-02,1.783567549343221970e+01,1.138329943092641905e-01,2.178233140662028805e-03
1.098202500000000192e+00,9.975321531410770437e-02,3.135112725090419872e+01,2.797687023390102112e+01,3.374257017003178039e+00,7.505557207842324940e-01,1.222298931218281650e+05,8.394429325666183939e-01,1.614591758544711014e-02,1.792647315418859222e+01,1.138092512720492444e-01,2.189016930408332635e-03
1.105107500000000131e+00,9.921664575795045848e-02,3.118445588862021012e+01,2.785047479420990513e+01,3.333981094410303658e+00,7.464487603712508523e-01,1.221888951508431783e+05,8.351297074749616245e-01,1.614901080714447462e-02,1.801737523376806394e+01,1.137604486347915667e-01,2.199800459719525054e-03
1.112012500000000070e+00,9.868345595024316519e-02,3.102326719663349408e+01,2.773119839135320319e+01,3.292068805280289556e+00,7.422071082983808799e-01,1.221461056803367683e+05,8.306750260777531203e-01,1.615226675457332242e-02,1.810838006123683641e+01,1.136853444427580878e-01,2.210582901709986624e-03
1.118917500000000009e+00,9.815293257420347472e-02,3.085373077890825755e+01,2.760573048921109418e+01,3.248000289697162923e+00,7.377638374397273990e-01,1.221007873372996983e+05,8.260085999549220404e-01,1.615574540445888219e-02,1.819950226544915850e+01,1.135734049418802155e-01,2.221360667502327631e-03
1.125822500000000170e+00,9.762539105403955642e-02,3.068403381247675910e+01,2.748165781621933590e+01,3.202375996257422752e+00,7.331607281034981938e-01,1.220532955706162466e+05,8.211743077552926540e-01,1.615942383141532462e-02,1.829073046385742884e+01,1.134305441248100177e-01,2.232135395165191043e-03
1.132727500000000109e+00,9.710099588683840377e-02,3.052018880342824758e+01,2.736466790561340545e+01,3.155520897814843906e+00,7.284241843009719997e-01,1.220038398384892789e+05,8.161998795839835452e-01,1.616328968111371486e-02,1.838205839739523739e+01,1.132604465005014743e-01,2.242908204217053045e-03
1.139632500000000048e+00,9.657936300906867777e-02,3.035831454690886488e+01,2.725115018017715585e+01,3.107164366731707705e+00,7.235208130073929045e-01,1.219520031259796087e+05,8.110502453118038080e-01,1.616737971811043478e-02,1.847348905754898851e+01,1.130575911476233847e-01,2.253676657721499256e-03
1.146537500000000209e+00,9.606004501857051681e-02,3.019287030667825533e+01,2.713592774483998582e+01,3.056942561838268180e+00,7.184102195208144082e-01,1.218972704926190927e+05,8.056829814857654481e-01,1.617173986863164326e-02,1.856502427166524072e+01,1.128152459621933473e-01,2.264437567679366409e-03
1.153442500000000148e+00,9.554276666664210382e-02,3.001350232248181271e+01,2.700890997630031976e+01,3.004592346181492957e+00,7.130738805416494408e-01,1.218393364942030166e+05,8.000786345069714756e-01,1.617640084805700360e-02,1.865666606797704574e+01,1.125300051289377379e-01,2.275189452498428862e-03
1.160347500000000087e+00,9.502901407002554979e-02,2.986348509214656843e+01,2.691161764210301044e+01,2.951867450043557550e+00,7.076860285613612023e-01,1.217800139637354878e+05,7.944201873794911606e-01,1.618122150807562235e-02,1.874839617905099587e+01,1.122288506965541527e-01,2.285943788397454442e-03
1.167252500000000026e+00,9.451652657700322646e-02,2.969191916672624743e+01,2.679510482086539369e+01,2.896814345860853290e+00,7.020060455408181355e-01,1.217165529733488365e+05,7.884549374572000779e-01,1.618643124124418894e-02,1.884023074577687851e+01,1.118734010801588213e-01,2.296683080136614676e-03
1.174157500000000187e+00,9.400623868198447475e-02,2.952530426364028671e+01,2.668450979052024508e+01,2.840794473120041630e+00,6.961504736847567987e-01,1.216501170258804341e+05,7.823052800668512941e-01,1.619194256771775906e-02,1.893216064211814498e+01,1.114815697917559550e-01,2.307415303745461235e-03
1.181062500000000126e+00,9.349802047742226951e-02,2.936327864722657210e+01,2.657979614457480366e+01,2.783482502651769330e+00,6.901180242158875267e-01,1.215805730470621929e+05,7.759698617046399960e-01,1.619777338249740392e-02,1.902418655064513331e+01,1.110527296488048182e-01,2.318140223136368541e-03
1.187967500000000065e+00,9.299133651862225014e-02,2.919612965890503276e+01,2.647184296991718711e+01,2.724286688987846539e+00,6.838613581568633304e-01,1.215072343009313772e+05,7.693989658784713415e-01,1.620398932277050674e-02,1.911630593100075970e+01,1.105787836047734812e-01,2.328853440569508479e-03
1.194872500000000004e+00,9.248641395424694878e-02,2.903560310554782831e+01,2.637207168501799259e+01,2.663531420529837046e+00,6.774219951359327085e-01,1.214304343657840363e+05,7.626361974650304187e-01,1.621057078093879680e-02,1.920852132563242165e+01,1.100659532686728698e-01,2.339558405389139187e-03
1.201777500000000165e+00,9.198258441534473695e-02,2.887051051052849715e+01,2.626995448347265594e+01,2.600556027055842101e+00,6.707394784621574235e-01,1.213492808644663892e+05,7.556180634451273859e-01,1.621760382403284600e-02,1.930082732868915940e+01,1.095038946926507745e-01,2.350249242609574359e-03
1.208682500000000104e+00,9.147978633143945271e-02,2.870274767661970827e+01,2.616764571033746023e+01,2.535101966282249819e+00,6.638240968746190740e-01,1.212636968023444788e+05,7.483553692912051636e-01,1.622510628509878094e-02,1.939322286773408877e+01,1.088937047049972351e-01,2.360926379522277491e-03
1.215587500000000043e+00,9.097816056811558472e-02,2.854395406193894047e+01,2.607624968724687520e+01,2.467704374692063940e+00,6.567130870635796702e-01,1.211739418850158545e+05,7.408872218391273634e-01,1.623306643971727733e-02,1.948571787677000700e+01,1.082410142334923747e-01,2.371593845542378700e-03
1.222492500000000204e+00,9.047673744622032610e-02,2.837927734783739098e+01,2.598187834076618330e+01,2.397399007071208121e+00,6.493167147310885401e-01,1.210786449533771374e+05,7.331193800476902833e-01,1.624161880754635204e-02,1.957829852917521407e+01,1.075304097190018099e-01,2.382242200119842699e-03
1.229397500000000143e+00,8.997525546415208186e-02,2.820768759087916777e+01,2.588372729896904190e+01,2.323960291910127651e+00,6.416282365065700821e-01,1.209774199439183285e+05,7.250447618726943988e-01,1.625081396851449714e-02,1.967096002839011959e+01,1.067600566235588355e-01,2.392869944989898991e-03
1.236302500000000082e+00,8.947396931010000165e-02,2.804398106510333832e+01,2.579615276628225118e+01,2.247828298821087589e+00,6.337055777572889737e-01,1.208707256931686570e+05,7.167242018784908408e-01,1.626062630213899809e-02,1.976372268410633737e+01,1.059390447920376399e-01,2.403484092840685229e-03
1.243207500000000021e+00,8.897183653635545864e-02,2.786847470402988591e+01,2.570050529780859350e+01,2.167969406221293305e+00,6.254551657283863308e-01,1.207569522725655697e+05,7.080594277873925035e-01,1.627122212027130865e-02,1.985655551828179100e+01,1.050509223275154780e-01,2.414072638608552937e-03
1.250112500000000182e+00,8.846922000849161138e-02,2.769889443857768541e+01,2.561373683159008863e+01,2.085157606987595447e+00,6.169523681332705900e-01,1.206367475852774223e+05,6.991295925202667405e-01,1.628256125693001988e-02,1.994948770886875167e+01,1.041077726353050736e-01,2.424645163632889802e-03
1.257017500000000121e+00,8.796539323761681795e-02,2.752797871630619753e+01,2.552951079906463505e+01,1.998467917241562253e+00,6.081500651132104585e-01,1.205090305723786296e+05,6.898852097084720025e-01,1.629476688961805850e-02,2.004250822265368015e+01,1.031009340057691404e-01,2.435195974756194405e-03
1.263922500000000060e+00,8.745974465698479194e-02,2.735502801531360717e+01,2.544728893506168177e+01,1.907739080251926511e+00,5.990217678948724922e-01,1.203729173214115581e+05,6.802984602278137061e-01,1.630794859534879723e-02,2.013561538876054868e+01,1.020251597105118063e-01,2.445722219383105866e-03
1.270827500000000221e+00,8.695162778077193677e-02,2.717683647426315829e+01,2.536384112787162692e+01,1.812995346391532925e+00,5.895401280738924443e-01,1.202274131699681748e+05,6.703406221496490680e-01,1.632223175707755297e-02,2.022879961616538225e+01,1.008749321030145973e-01,2.456219966179068546e-03
1.277732500000000160e+00,8.644079955375186253e-02,2.700659327074171756e+01,2.529185687136268612e+01,1.714736399379032550e+00,5.797358249222017701e-01,1.200723404808387859e+05,6.600439155570037020e-01,1.633766556853528257e-02,2.032209732329373963e+01,9.965484936984962683e-02,2.466695871157911519e-03
1.284637500000000099e+00,8.592553627814947248e-02,2.681318235794366345e+01,2.520137801831020141e+01,1.611804339633461813e+00,5.694690069844458025e-01,1.199046801348190784e+05,6.492614652074392145e-01,1.635458932566436624e-02,2.041541486216468115e+01,9.833951772728674601e-02,2.477125954795134175e-03
1.291542500000000038e+00,8.540717084402517367e-02,2.665151501286644731e+01,2.514479365035929348e+01,1.506721362507152495e+00,5.589618116693043648e-01,1.197272288052082440e+05,6.382265649602989477e-01,1.637276047012365884e-02,2.050892612540781812e+01,9.696719441428512665e-02,2.487550244330180051e-03
1.298447500000000199e+00,8.488214931197586577e-02,2.646462576337160755e+01,2.506780949893553156e+01,1.396816264436076871e+00,5.479087315760764465e-01,1.195338128580943157e+05,6.266183638567506264e-01,1.639285890617975944e-02,2.060244346177492147e+01,9.548314694608181497e-02,2.497918743030922827e-03
1.305352500000000138e+00,8.435079328670443133e-02,2.628287443403203483e+01,2.499902952796356459e+01,1.283844906068469793e+00,5.364372354325295245e-01,1.193253483967257343e+05,6.145707325114879715e-01,1.641484991793961887e-02,2.069606910643321385e+01,9.390885668488001270e-02,2.508254472431765275e-03
1.312257500000000077e+00,8.381198067192910384e-02,2.611355818825859743e+01,2.494512033028977527e+01,1.168437857968823712e+00,5.245390084128981334e-01,1.191003150993776217e+05,6.020749385016196387e-01,1.643895679281958191e-02,2.078983930381547651e+01,9.224199663957034778e-02,2.518560564927462865e-03
1.319162500000000016e+00,8.326280988150326634e-02,2.593397531344950124e+01,2.488446504697272132e+01,1.049510266476779474e+00,5.120517650199097881e-01,1.188538719324361446e+05,5.889605458335003263e-01,1.646577785615566461e-02,2.088365920926985453e+01,9.045242957969311381e-02,2.528810499353612538e-03
1.326067500000000177e+00,8.270193856843639779e-02,2.575795662147714538e+01,2.483110247490202838e+01,9.268541465751182207e-01,4.989992761733763604e-01,1.185842622059841087e+05,5.752525192785120645e-01,1.649560277769601679e-02,2.097759479528906823e+01,8.854323384291586108e-02,2.539013676910548568e-03
1.332972500000000116e+00,8.212669527103431955e-02,2.557588524765268190e+01,2.477651497376634993e+01,7.993702738863305290e-01,4.853017815607596486e-01,1.182871574485028395e+05,5.608670927062894274e-01,1.652902781763871884e-02,2.107160293934230566e+01,8.649863047109546121e-02,2.549156988950149107e-03
1.339877500000000055e+00,8.153491346330989098e-02,2.540445436496148446e+01,2.473733195746708802e+01,6.671224074943954419e-01,4.709769173668434394e-01,1.179596917258980393e+05,5.458227880471854254e-01,1.656651637704531846e-02,2.116578305717419184e+01,8.432060906355116903e-02,2.559253262348212214e-03
1.346782500000000216e+00,8.092171205607591455e-02,2.522596820562880993e+01,2.469743731451504232e+01,5.285308911137691634e-01,4.558590210920411279e-01,1.175939324529379664e+05,5.299456227013910059e-01,1.660915436284670157e-02,2.126004490110523193e+01,8.197746842716271964e-02,2.569275731426026721e-03
1.353687500000000155e+00,8.028258933830084709e-02,2.504999779748380462e+01,2.466688505142249355e+01,3.831127460613122371e-01,4.398997881935682308e-01,1.171832616572146217e+05,5.131848661175911763e-01,1.665794399665561712e-02,2.135445720143403747e+01,7.945881084699948915e-02,2.579227308754804618e-03
1.360592500000000094e+00,7.961049270831788149e-02,2.488153430631189522e+01,2.465040656952994524e+01,2.311277367819508932e-01,4.229643367924269537e-01,1.167170803143893718e+05,4.953988622177130097e-01,1.671444431230665814e-02,2.144906816813490025e+01,7.673826068850195248e-02,2.589100385009677346e-03
1.367497500000000032e+00,7.854527769593062925e-02,2.465698706925475037e+01,2.457012057842002051e+01,8.686649083473098332e-02,4.046414353497036487e-01,1.156610199350775220e+05,4.782654454524859489e-01,1.682630194208740299e-02,2.154325213796846228e+01,7.373630799543837155e-02,2.594185706333366950e-03
1.374402500000000193e+00,7.722177864209817111e-02,2.450800058212298538e+01,2.455517690091267369e+01,-4.717631878968730347e-02,3.855691262078133619e-01,1.142124395190401847e+05,4.615029833452872210e-01,1.698142155594628902e-02,2.163804071268355855e+01,7.056997384009028318e-02,2.596686301535936370e-03
1.381307500000000132e+00,7.576609804320907915e-02,2.437690506135361090e+01,2.455687365784758569e+01,-1.799685964939755634e-01,3.652845812311364959e-01,1.125516731136659364e+05,4.436750992645652758e-01,1.716908070798705763e-02,2.173308405975804902e+01,6.715099811576742683e-02,2.598570233449154238e-03
1.388212500000000071e+00,7.380926629689797680e-02,2.425015296788383523e+01,2.453731744605416409e+01,-2.871644781703295846e-01,3.433674809912120041e-01,1.101237713785199303e+05,4.262493756013128743e-01,1.746708018563041323e-02,2.182802859449989796e+01,6.339769206359843756e-02,2.597945320850267303e-03
1.395117500000000232e+00,7.097535928624269796e-02,2.423484255585742631e+01,2.457329655323604101e+01,-3.384539973786135358e-01,3.199197103849481527e-01,1.063594980101049878e+05,4.111974271274633774e-01,1.797370206591378597e-02,2.192365733031867236e+01,5.932718948836199907e-02,2.593229329572845424e-03
1.402022500000000171e+00,6.770923907660038321e-02,2.425531382647751144e+01,2.462562517997322686e+01,-3.703113534957142572e-01,2.942499282020652474e-01,1.019093197732466797e+05,3.947190912873612123e-01,1.863109838171194202e-02,2.201964412265637705e+01,5.480578881177618211e-02,2.586882838398509021e-03
1.408927500000000110e+00,6.384448777141986386e-02,2.434344300920613691e+01,2.473982166700071517e+01,-3.963786577945776490e-01,2.657685822910126339e-01,9.651576531084983435e+04,3.764359138238064229e-01,1.952290664555556346e-02,2.211664147973366212e+01,4.971902337224849699e-02,2.578552726132626264e-03
1.415832500000000049e+00,5.774137812333456077e-02,2.456992335668299177e+01,2.481054665530101389e+01,-2.406232986180209532e-01,2.327967082395460408e-01,8.767104528091840621e+04,3.629997450671719195e-01,2.115171877846964976e-02,2.221331450940029484e+01,4.374112738215581858e-02,2.548762190643888252e-03
1.422737500000000210e+00,4.976993169365596242e-02,2.467813903631768468e+01,2.467071433814943759e+01,7.424698168246591547e-03,1.935208665022762342e-01,7.588624545953141933e+04,3.486184785778210227e-01,2.386784584334177700e-02,2.230695790194264916e+01,3.651471533092268823e-02,2.499946646796644308e-03
1.429642500000000149e+00,3.859940492827844405e-02,2.541696657962206984e+01,2.480020703203996391e+01,6.167595475821071593e-01,1.479480503557883131e-01,5.911188967773882905e+04,3.421527799761678867e-01,2.861902996652087097e-02,2.240467042412226206e+01,2.803803527658631917e-02,2.345213655253318690e-03
1.436547500000000088e+00,2.120764019003617759e-02,2.579876695629053174e+01,2.306614571388885082e+01,2.732621242401682249e+00,8.407908394940501184e-02,3.258899168680099683e+04,3.526977729752279744e-01,4.123274428068674641e-02,2.248137671639200263e+01,1.598860767594888557e-02,1.869175884342567321e-03
