RHO   : 1.225
NU    : 1.463e-05
B     : 2
U_inf : 7.9
RPM   : 140
power : 196.6358578844588
R_out : 1.41
R_in  : 0.059
N     : 200
M     : 200
dt    : 0.05
thrust: 21.99003456800724
eta   : 0.8834669065767955
optsucess:Optimization terminated successfully
îºåar[m],óÉå∑í∑chord[m],éÊïtäptheta[deg],ó¨ì¸äpphi[deg],å}äpalpha[deg],èzä¬gamma,Re,ógóÕåWêîCL,çRóÕåWêîCD,ó¨ì¸ë¨ìxV,ã«èäógóÕdL,ã«èäçRóÕdD
6.237749999999999545e-02,9.939112783622980687e-03,nan,8.115915385336083432e+01,nan,1.463713522792965682e-02,5.410921305833870065e+03,3.698030910244168301e-01,7.856129170536908790e-02,7.964672544493822670e+00,9.646848371378243881e-04,2.049384895193510751e-04
6.913249999999999951e-02,1.639988420445750647e-02,nan,8.000674128002206942e+01,nan,2.404851327947411105e-02,8.945716926478835376e+03,3.675011909059245352e-01,6.163644135266627133e-02,7.980290409539182228e+00,1.588065352807079824e-03,2.663466116700327537e-04
7.588749999999999662e-02,2.370147520301571498e-02,8.273297496796588746e+01,7.934881550100250536e+01,3.384159466963388763e+00,3.456906756232260708e-02,1.294989201709160443e+04,3.649280007718485042e-01,5.347995226792600504e-02,7.993465325987141767e+00,2.286568429259258455e-03,3.350950603831141339e-04
8.264250000000000762e-02,3.152210093133135660e-02,8.176418300583881660e+01,7.855654176058381211e+01,3.207641245254999163e+00,4.572053527534366418e-02,1.725630997387868047e+04,3.622004974551845669e-01,4.880553337710211159e-02,8.008978064876156822e+00,3.030050401368496443e-03,4.082910626498781489e-04
8.939750000000000474e-02,4.025435013416781005e-02,8.079384314030600933e+01,7.771560044837190162e+01,3.078242691934108599e+00,5.802546139329026187e-02,2.208406307639941951e+04,3.591908732817839511e-01,4.561324184228272155e-02,8.026209384348886644e+00,3.853812044825806991e-03,4.893912231378969848e-04
9.615250000000000186e-02,5.079408353366210438e-02,8.011939999092308540e+01,7.716893656524283074e+01,2.950463425680251106e+00,7.262461667040230606e-02,2.792145715913878666e+04,3.555751838186680946e-01,4.291746658970822803e-02,8.042096437619285609e+00,4.832975258324032942e-03,5.833338872259016946e-04
1.029074999999999990e-01,6.379530093827200099e-02,8.006239095179256537e+01,7.750582973998673708e+01,2.556561211805829625e+00,9.020129165898789492e-02,3.511418257585235551e+04,3.511687511959198926e-01,4.011819708794815004e-02,8.052638415826162799e+00,6.010524852415986483e-03,6.866539799172103773e-04
1.096624999999999961e-01,7.591313787974446337e-02,7.889544946407688997e+01,7.692315513427021756e+01,1.972294329806669300e+00,1.063594482686123083e-01,4.188134703126785462e+04,3.471691322140331715e-01,3.650415096689091365e-02,8.071384271298038371e+00,7.103715208287769874e-03,7.469416728825571715e-04
1.164175000000000071e-01,8.886150758474123390e-02,7.836246680367581519e+01,7.707222435155814821e+01,1.290242452117666971e+00,1.235797503237572176e-01,4.912274616246941150e+04,3.439143879932887171e-01,3.270909360683434824e-02,8.087481249083968038e+00,8.270314828179943858e-03,7.865751225220819678e-04
1.231724999999999903e-01,9.958109223135377941e-02,7.715412660143390156e+01,7.631635152211049444e+01,8.377750793234138849e-01,1.382354759288279000e-01,5.519782937621706515e+04,3.423601294779460846e-01,3.006385327546475320e-02,8.109413400466749522e+00,9.276206212011682897e-03,8.145764605712901060e-04
1.299275000000000013e-01,1.095005978504154931e-01,7.616894763886665487e+01,7.564161309059555549e+01,5.273345482710928289e-01,1.522977278109182431e-01,6.086630019477538008e+04,3.420599200549059860e-01,2.803151680410262067e-02,8.132137991301251034e+00,1.024848348133092051e-02,8.398544233927866635e-04
1.366825000000000123e-01,1.182115419106719023e-01,7.516665516292887617e+01,7.484905777976976538e+01,3.175973831591101804e-01,1.658696804531974989e-01,6.590607280097356124e+04,3.440545010173373108e-01,2.642353990781532921e-02,8.156613385576664044e+00,1.119536681526763292e-02,8.598091899717625036e-04
1.434374999999999956e-01,1.268848658069631208e-01,7.430129464327926314e+01,7.415902174205365327e+01,1.422729012256157277e-01,1.797801305001456296e-01,7.095966339501005132e+04,3.463504962063556070e-01,2.503634463233126578e-02,8.181747041829053657e+00,1.217164231924708177e-02,8.798411874212464043e-04
1.501924999999999788e-01,1.359324738886566464e-01,7.377053953770298733e+01,7.377220125205589341e+01,-1.661714352904840666e-03,1.945399275625399049e-01,7.624906585183684365e+04,3.487866807245968981e-01,2.378799638425230928e-02,8.206455760719160608e+00,1.321069982351005812e-02,9.009979365675306216e-04
1.569474999999999898e-01,1.437356017062428881e-01,7.341006844213177374e+01,7.351002414242925909e+01,-9.995570029748790386e-02,2.093624796810770461e-01,8.087604059070225048e+04,3.538870262704587599e-01,2.265707903552375418e-02,8.231895645868945621e+00,1.426133402124537923e-02,9.130602369820002562e-04
1.637025000000000008e-01,1.502359872483062520e-01,7.268280249398377180e+01,7.286499183100754351e+01,-1.821893370237772647e-01,2.228302241449642840e-01,8.482330004807309888e+04,3.591241424950538108e-01,2.175164071702877927e-02,8.260104003259046479e+00,1.523074176424153540e-02,9.225044587866708607e-04
1.704575000000000118e-01,1.562380008766501849e-01,7.204063483993259354e+01,7.229856335993027017e+01,-2.579285199976773524e-01,2.358149562117787812e-01,8.852149822839933040e+04,3.641734327575382180e-01,2.098048587977072166e-02,8.289081477072526738e+00,1.617481032926732648e-02,9.318510061306448534e-04
1.772124999999999950e-01,1.615898894083172832e-01,7.123639418934830303e+01,7.156122152004678583e+01,-3.248273306984763575e-01,2.479768817309813966e-01,9.189353437051342917e+04,3.689027634654175047e-01,2.033473258710849496e-02,8.319842366148764157e+00,1.707213099631023009e-02,9.410534506191053613e-04
1.839674999999999783e-01,1.666651280153282344e-01,7.050411493530442897e+01,7.088513292869039617e+01,-3.810179933859614843e-01,2.599872375530410396e-01,9.513975741237681359e+04,3.735731542281416351e-01,1.975929673778740320e-02,8.351445005430649715e+00,1.796698053071284912e-02,9.503223017240581454e-04
1.907224999999999893e-01,1.705765478214740505e-01,6.991497242351198338e+01,7.031205392518285180e+01,-3.970815016708617029e-01,2.720411370977247056e-01,9.774811866726618609e+04,3.804624880075956339e-01,1.930924926989205717e-02,8.383655281843342522e+00,1.887250009674928258e-02,9.578179720753931831e-04
1.974775000000000003e-01,1.737982201499654877e-01,6.930945263464879247e+01,6.969844554664305747e+01,-3.889929119942610036e-01,2.838117095513845722e-01,9.999162425577180693e+04,3.880184318324811366e-01,1.893558424735298368e-02,8.417102669979398044e+00,1.976761965886873751e-02,9.646743471757064778e-04
2.042324999999999835e-01,1.767613470397812192e-01,6.872944466278931941e+01,6.909854219997552605e+01,-3.690975371862114107e-01,2.953762538809797111e-01,1.021123622394839185e+05,3.954421189690952021e-01,1.859963426209128648e-02,8.451530182260025725e+00,2.065724341503785005e-02,9.716141856217523284e-04
2.109874999999999945e-01,1.794637800720232657e-01,6.812502695898700722e+01,6.848175133406222415e+01,-3.567243750752238096e-01,3.066785367781061922e-01,1.041094545452910970e+05,4.026974512819342378e-01,1.829778703958274272e-02,8.487068083522716577e+00,2.153785806680712928e-02,9.786382777955168321e-04
2.177425000000000055e-01,1.819433059915534501e-01,6.752914367354381397e+01,6.787100684985718146e+01,-3.418631763133676005e-01,3.177797801039171088e-01,1.060021877913340431e+05,4.098237292337029158e-01,1.802407062917787961e-02,8.523600244238785706e+00,2.241355656009642178e-02,9.857494763556714449e-04
2.244974999999999887e-01,1.842087686985635631e-01,6.691940304074107360e+01,6.724272553709113254e+01,-3.233224963500656024e-01,3.286690413151224788e-01,1.077959004052891687e+05,4.168139284215758300e-01,1.777527643146833980e-02,8.561232095905531025e+00,2.328394212200236499e-02,9.929574791327383000e-04
2.312524999999999997e-01,1.863113022001745833e-01,6.633780268891689502e+01,6.663542835217306504e+01,-2.976256632561727344e-01,3.394723945409592325e-01,1.095169819881634467e+05,4.237489802566662411e-01,1.754585840133290192e-02,8.599765164892556157e+00,2.415752835134830218e-02,1.000272783009899290e-03
2.380074999999999830e-01,1.882633459449988556e-01,6.577207641335135690e+01,6.603987353945205996e+01,-2.677971261006963366e-01,3.502074816394126766e-01,1.111722796383421810e+05,4.306402096671734236e-01,1.733347958864784460e-02,8.639230557307282510e+00,2.503582609743128240e-02,1.007704275873711136e-03
2.447624999999999940e-01,1.890858596773039302e-01,6.528237477821946300e+01,6.548923772553689560e+01,-2.068629473174271871e-01,3.609308333903175625e-01,1.121776684783550154e+05,4.398486309343828116e-01,1.721277507517742292e-02,8.679439555338273493e+00,2.592251350370304921e-02,1.014436246793853219e-03
2.515175000000000050e-01,1.896923413622750576e-01,6.477995170258333246e+01,6.492063632688051200e+01,-1.406846242971736272e-01,3.714752534542142826e-01,1.130725050583364937e+05,4.491160166353191929e-01,1.710910858479510258e-02,8.720703941569098561e+00,2.680667028465822180e-02,1.021202129759336873e-03
2.582724999999999604e-01,1.901938021834007064e-01,6.428779628456818784e+01,6.435998335040092400e+01,-7.218706583274114852e-02,3.818756682375948341e-01,1.139196661108458793e+05,4.582568375304694186e-01,1.701374622643061357e-02,8.762876056258434687e+00,2.769045542234997020e-02,1.028066234622908781e-03
2.650274999999999714e-01,1.905970595760551056e-01,6.380767185207272263e+01,6.380965167729163312e+01,-1.979825218911084300e-03,3.921250539903511911e-01,1.147220986394304346e+05,4.672649205158672103e-01,1.692592895724528285e-02,8.805929676082602242e+00,2.857335562280581207e-02,1.035024385754832865e-03
2.717824999999999824e-01,1.908980235787194057e-01,6.331092700296746756e+01,6.324192255495416504e+01,6.900444801330413158e-02,4.021597514052327460e-01,1.154783045147601806e+05,4.760843160608441704e-01,1.684542355619230228e-02,8.850000452489100056e+00,2.945122331105100646e-02,1.042080812549292090e-03
2.785374999999999379e-01,1.911092640502018158e-01,6.279520285421192938e+01,6.265478803668461438e+01,1.404148175273116084e-01,4.120282410612106649e-01,1.161951490481754590e+05,4.847576332630659790e-01,1.677114585105192457e-02,8.895094850704134970e+00,3.032766748296765111e-02,1.049245436849128351e-03
2.852925000000000044e-01,1.909455746558513523e-01,6.238481267058192969e+01,6.216257644163300000e+01,2.222362289489330789e-01,4.219853342585292433e-01,1.166891062400163210e+05,4.943706890478811733e-01,1.671787114451274772e-02,8.940566584841375786e+00,3.121934892578241000e-02,1.055728149178891597e-03
2.920474999999999599e-01,1.903995612582996544e-01,6.194306800292861936e+01,6.163366267639288765e+01,3.094053265357333271e-01,4.316899719214071229e-01,1.169613753797601094e+05,5.045627245479763490e-01,1.668469186928737275e-02,8.987126390929645936e+00,3.210363815161652867e-02,1.061591125112709005e-03
2.988024999999999709e-01,1.898114614581740134e-01,6.148263060781278710e+01,6.108791875319295883e+01,3.947118546198286615e-01,4.411619080914930824e-01,1.172167139586558915e+05,5.145103715445695780e-01,1.665393456725813154e-02,9.034652133443580979e+00,3.298153647790255660e-02,1.067563222839805525e-03
3.055574999999999819e-01,1.891916187402486460e-01,6.103398458281261441e+01,6.055423762233095175e+01,4.797469604816603228e-01,4.504939147383233977e-01,1.174588050770263653e+05,5.243110613112204055e-01,1.662510343788811684e-02,9.082972753862899040e+00,3.385933173597069357e-02,1.073627725954356266e-03
3.123124999999999374e-01,1.885420423588880512e-01,6.058890431611338556e+01,6.002531493717413724e+01,5.635893789392504294e-01,4.596973002565137301e-01,1.176888556305912643e+05,5.339766701861674569e-01,1.659801328883122803e-02,9.132116828341885650e+00,3.473800346093963709e-02,1.079788453812260919e-03
3.190674999999999484e-01,1.878708239273847724e-01,6.017990840696791111e+01,5.953252632661568811e+01,6.473820803522225553e-01,4.688295085559316955e-01,1.179090402572668099e+05,5.435675270955362404e-01,1.657237366370747228e-02,9.181890103545606863e+00,3.562119388808723808e-02,1.086024653855011905e-03
3.258224999999999594e-01,1.871676570238186288e-01,5.974863912017617196e+01,5.901930664164497387e+01,7.293324785311953162e-01,4.777400041750959336e-01,1.181165166460725304e+05,5.529255362071339164e-01,1.654848010690262300e-02,9.232602822570639134e+00,3.649868386057684988e-02,1.092367243405118014e-03
3.325774999999999704e-01,1.864382899215182854e-01,5.931280839043052566e+01,5.850259389688750389e+01,8.102144935430235506e-01,4.864698891227415833e-01,1.183130878959658439e+05,5.620938638035880563e-01,1.652608789328484373e-02,9.284146924146408963e+00,3.737312477038626929e-02,1.098804994281031523e-03
3.393324999999999814e-01,1.856870491430200887e-01,5.887861130539449306e+01,5.798842996808016181e+01,8.901813373143333541e-01,4.950687747362018110e-01,1.185005396125850821e+05,5.711246128617303297e-01,1.650496361355384065e-02,9.336477167003801370e+00,3.824811325222064740e-02,1.105334463440157261e-03
3.460874999999999369e-01,1.849234142147848092e-01,5.848861994338430748e+01,5.751845623560866017e+01,9.701637077756503080e-01,5.036264692628923401e-01,1.186812990365512233e+05,5.801121020854275168e-01,1.648481156716707571e-02,9.389332401618210255e+00,3.912953650945518586e-02,1.111928252746508059e-03
3.528424999999999478e-01,1.841334577818519169e-01,5.806258841236437718e+01,5.701401735884989819e+01,1.048571053514476770e+00,5.119524732567134473e-01,1.188518689231090830e+05,5.888562645391749450e-01,1.646599758490834703e-02,9.443166186587852451e+00,4.000448834851137031e-02,1.118632590327584388e-03
3.595974999999999588e-01,1.833291726617515827e-01,5.765515227207197313e+01,5.652849840388248026e+01,1.126653868189492869e+00,5.201772239734017145e-01,1.190154627088011766e+05,5.974940884534643004e-01,1.644814275397518330e-02,9.497649469254552557e+00,4.088169668107444199e-02,1.125413616686180224e-03
3.663524999999999698e-01,1.825082453281586803e-01,5.724187911678632190e+01,5.603745004796951434e+01,1.204429068816809112e+00,5.282762489984706988e-01,1.191719984689267440e+05,6.059998723311474933e-01,1.643123708439708439e-02,9.552918195369887400e+00,4.175981695003083694e-02,1.132286464463191575e-03
3.731074999999999808e-01,1.816821119620422864e-01,5.688287250330687073e+01,5.559972245647851707e+01,1.283150046828356983e+00,5.363662384647149839e-01,1.193240333421632240e+05,6.144961668554407286e-01,1.641498968063507397e-02,9.608599266836838737e+00,4.264645701687276580e-02,1.139211584394305083e-03
3.798624999999999363e-01,1.808336854256815118e-01,5.647787903564241674e+01,5.511769688772159981e+01,1.360182147920817597e+00,5.442032012400616070e-01,1.194673570619329985e+05,6.227267268818901247e-01,1.639983291573728075e-02,9.665275746063299422e+00,4.352479988127012922e-02,1.146248289868430793e-03
3.866174999999999473e-01,1.799775271687283906e-01,5.610226089487922252e+01,5.466527240250414366e+01,1.436988492375076421e+00,5.519588103957838721e-01,1.196055113065258047e+05,6.308718474506207485e-01,1.638537360445957089e-02,9.722484011984526830e+00,4.440637781850782090e-02,1.153348487362940156e-03
3.933724999999999583e-01,1.791068824163918327e-01,5.570706796774862823e+01,5.419450417282671850e+01,1.512563794921908400e+00,5.595472317560792330e-01,1.197372775666917587e+05,6.388413835199228119e-01,1.637172449612247366e-02,9.780508415797092070e+00,4.528554770429647075e-02,1.160542397215618120e-03
4.001274999999999693e-01,1.782345120883311040e-01,5.536313646908363495e+01,5.377487322024841632e+01,1.588263248835219299e+00,5.671185426372380434e-01,1.198655105455415178e+05,6.467929497672858519e-01,1.635857771319955065e-02,9.838904927751540797e+00,4.617235790354189823e-02,1.167783454099976300e-03
4.068824999999999803e-01,1.773453705135525360e-01,5.497667876224771533e+01,5.331496497365300513e+01,1.661713788594711749e+00,5.744484276536795386e-01,1.199866861514616321e+05,6.544909649734543811e-01,1.634628130069497656e-02,9.898229727184999049e+00,4.705112546229523601e-02,1.175128418086206173e-03
4.136374999999999358e-01,1.764526268322330615e-01,5.462043340777032796e+01,5.288592462944743033e+01,1.734508778322898959e+00,5.817075829686773059e-01,1.201039154523764446e+05,6.621146982071196563e-01,1.633450567090621863e-02,9.958028478311605980e+00,4.793354302167480985e-02,1.182530356801185815e-03
4.203924999999999468e-01,1.755500355168811699e-01,5.424918719389747679e+01,5.244353582228890787e+01,1.805651371608571143e+00,5.888066392956170514e-01,1.202159774056585156e+05,6.695702917712269553e-01,1.632336253126253842e-02,1.001856675372565775e+01,4.881347621245792773e-02,1.190017057834691057e-03
4.271474999999999578e-01,1.746458118506456769e-01,5.390989734412509904e+01,5.203383569074163262e+01,1.876061653383464645e+00,5.958470239387223533e-01,1.203246753764089226e+05,6.769642669725201012e-01,1.631266247922465509e-02,1.007954317428628599e+01,4.969778878709897596e-02,1.197556937640624443e-03
4.339024999999999688e-01,1.737315153138375146e-01,5.354510789811590854e+01,5.160081361600692418e+01,1.944294282108981919e+00,6.026926524033381360e-01,1.204281135556785302e+05,6.841537047192496335e-01,1.630258191593345063e-02,1.014129933844678000e+01,5.057675258021682857e-02,1.205184809047024456e-03
4.406574999999999798e-01,1.728155137385926632e-01,5.320237056778513818e+01,5.119092816368650745e+01,2.011442404098631620e+00,6.094606269363355144e-01,1.205282632386504847e+05,6.912615885063908561e-01,1.629291862873673974e-02,1.020353122838690574e+01,5.145855588235958428e-02,1.212869451570627562e-03
4.474124999999999353e-01,1.718949367611787016e-01,5.285913951929147458e+01,5.078235888259427355e+01,2.076780636697202809e+00,6.160972616597135687e-01,1.206244893644514523e+05,6.982315361800246478e-01,1.628372574193168859e-02,1.026636568041414499e+01,5.233924456852809270e-02,1.220623618286494592e-03
4.541674999999999462e-01,1.709706379448478475e-01,5.251716046452479958e+01,5.037693405788034795e+01,2.140226406644452517e+00,6.226021040834829323e-01,1.207169583987576625e+05,7.050630725246720409e-01,1.627497853223501892e-02,1.032978014589577853e+01,5.321855819530678378e-02,1.228444554674659695e-03
4.609224999999999572e-01,1.700429057816995049e-01,5.217346819446741080e+01,4.997134226651184008e+01,2.202125927955570717e+00,6.289759362190620040e-01,1.208058432735084789e+05,7.117570188268573794e-01,1.626665232220771140e-02,1.039378549176522348e+01,5.409650676837438055e-02,1.236333529801360819e-03
4.676774999999999682e-01,1.691142643842172000e-01,5.183983349033388066e+01,4.957704530299218249e+01,2.262788187341699953e+00,6.352581947034242615e-01,1.208918301197711262e+05,7.183547923571682592e-01,1.625867572229943228e-02,1.045829860119897070e+01,5.497595161704332822e-02,1.244282323130813540e-03
4.744324999999999792e-01,1.681865651063022549e-01,5.152828495581402990e+01,4.920596469413016649e+01,2.322320261683863407e+00,6.414570324642605570e-01,1.209751408888776787e+05,7.248649555093120700e-01,1.625102225839882356e-02,1.052323240019580197e+01,5.585707303623681230e-02,1.252280897706099707e-03
4.811874999999999347e-01,1.672515403580053239e-01,5.117795920790433684e+01,4.879859973778982862e+01,2.379359470114508657e+00,6.474242983639301174e-01,1.210539378583342914e+05,7.311319165232801343e-01,1.624385272393529325e-02,1.058895545641330571e+01,5.672879495143346579e-02,1.260366521515502184e-03
4.879424999999999457e-01,1.663201875432865906e-01,5.085946387451190986e+01,4.842366055631487143e+01,2.435803318197036660e+00,6.533530454215610295e-01,1.211308997092806821e+05,7.373584241561823571e-01,1.623691651202416319e-02,1.065502083014160206e+01,5.760546211574781028e-02,1.268494463978418621e-03
4.946974999999999567e-01,1.653874961190711368e-01,5.053310234440020565e+01,4.804219132489269839e+01,2.490911019507509039e+00,6.591611236213692493e-01,1.212050451109781279e+05,7.434582025565870111e-01,1.623029740261604584e-02,1.072166791071659375e+01,5.848107925711049787e-02,1.276689537495041219e-03
5.014524999999999677e-01,1.644606420699584182e-01,5.025256237650338420e+01,4.770686149550035537e+01,2.545700881003026605e+00,6.649411975646298822e-01,1.212776349137131474e+05,7.495285702374157033e-01,1.622387851661858185e-02,1.078854962777582749e+01,5.936189371204756565e-02,1.284914532071306350e-03
5.082075000000000342e-01,1.635236256791828269e-01,4.989729729984387063e+01,4.729995658068178699e+01,2.597340719162084977e+00,6.703985633798297261e-01,1.213451009737309651e+05,7.552600223593519679e-01,1.621796818854837410e-02,1.085640573264077169e+01,6.022552336002004458e-02,1.293244171643382050e-03
5.149624999999999897e-01,1.625960881184174700e-01,4.960529440111292843e+01,4.695604571376971847e+01,2.649248687343208619e+00,6.759066544374116026e-01,1.214121637289887003e+05,7.610447473070305335e-01,1.621214717193203078e-02,1.092437078843784093e+01,6.110047641035842164e-02,1.301592211686684744e-03
5.217175000000000562e-01,1.616663910643244273e-01,4.928648565237628532e+01,4.658679410619870964e+01,2.699691546177573898e+00,6.812561785407941217e-01,1.214763271418027143e+05,7.666629415626338151e-01,1.620662912527331273e-02,1.099300018008972124e+01,6.197094677160901177e-02,1.310015257581704324e-03
5.284725000000000117e-01,1.607463713986138631e-01,4.903464123378830664e+01,4.628418975763892718e+01,2.750451476149377683e+00,6.866295154985370131e-01,1.215398364066256909e+05,7.723061446300472088e-01,1.620121765004782499e-02,1.106169794787832394e+01,6.285006129250431117e-02,1.318450629195075255e-03
5.352274999999999672e-01,1.598148538873857549e-01,4.868326121271856266e+01,4.588565756174154586e+01,2.797603650977019019e+00,6.916069847349629596e-01,1.215978442742232291e+05,7.775335982373408061e-01,1.619631944899983800e-02,1.113148382931569991e+01,6.370505169893163344e-02,1.327000363932820349e-03
5.419825000000000337e-01,1.588955245589827592e-01,4.841004075459382250e+01,4.556421913717719718e+01,2.845821617416628868e+00,6.966781670030716134e-01,1.216561475849219423e+05,7.828594714434805590e-01,1.619143986430881393e-02,1.120125594542297520e+01,6.457439759926089651e-02,1.335555758908494196e-03
5.487374999999999892e-01,1.579750698453257496e-01,4.810726817156316315e+01,4.521452201200445131e+01,2.892746159558711394e+00,7.015831045749381101e-01,1.217117898117725999e+05,7.880107506148235075e-01,1.618682440455475324e-02,1.127167398431708811e+01,6.543784412699678310e-02,1.344183301395172805e-03
5.554924999999999446e-01,1.570649420583134226e-01,4.787231391396466762e+01,4.493190347203260160e+01,2.940410441932067354e+00,7.065102563365802668e-01,1.217669563939478103e+05,7.931853596433611209e-01,1.618228898869299159e-02,1.134212733088494218e+01,6.630929819158928873e-02,1.352819001167877323e-03
5.622475000000000112e-01,1.561447901867802357e-01,4.753578427010764074e+01,4.455130960787529659e+01,2.984474662232347697e+00,7.110207892984311551e-01,1.218168309991728747e+05,7.979224259479986703e-01,1.617822398320181709e-02,1.141363881168277850e+01,6.715337837746832017e-02,1.361563933146287550e-03
5.690025000000000777e-01,1.552365007931186536e-01,4.727115117381772080e+01,4.424166793562358890e+01,3.029483238194130568e+00,7.156118765429521078e-01,1.218669918307201151e+05,8.027440922281505742e-01,1.617417002471581086e-02,1.148514738076644726e+01,6.801043525681622903e-02,1.370315090386282214e-03
5.757574999999999221e-01,1.543295573011672084e-01,4.698794189859605552e+01,4.391477656583564482e+01,3.073165332760407598e+00,7.200623526467460067e-01,1.219150445371956594e+05,8.074180854278867336e-01,1.617031925851458371e-02,1.155719703192385772e+01,6.886270282398455900e-02,1.379126761915339464e-03
5.825124999999999886e-01,1.534314428599126701e-01,4.675497040114554892e+01,4.363820864260064525e+01,3.116761758544904559e+00,7.244954737625050045e-01,1.219623599428554007e+05,8.120738520167691821e-01,1.616655941830475590e-02,1.162935896779058886e+01,6.971928023425157106e-02,1.387953674052287657e-03
5.892675000000000551e-01,1.525270766847298398e-01,4.643870588552780276e+01,4.328185583487327648e+01,3.156850050654526285e+00,7.285587251722794866e-01,1.220052536357290955e+05,8.163411728640632692e-01,1.616317863476976133e-02,1.170242621498701219e+01,7.055079585808697595e-02,1.396873212064878543e-03
5.960224999999998996e-01,1.516333518844631134e-01,4.618095443826901203e+01,4.298341993425479046e+01,3.197534504014222012e+00,7.326718263095014505e-01,1.220482192420037463e+05,8.206608470510146081e-01,1.615981894933175497e-02,1.177554558624427727e+01,7.139239835728147798e-02,1.405803915171454418e-03
6.027774999999999661e-01,1.507424363493906905e-01,4.591021174072081124e+01,4.267319154781538515e+01,3.237020192905428750e+00,7.366566093886981470e-01,1.220894152558904607e+05,8.248457586380495421e-01,1.615662312718970858e-02,1.184913942251602315e+01,7.222928926552826812e-02,1.414787423208406936e-03
6.095325000000000326e-01,1.498591315544421376e-01,4.567286955576199148e+01,4.239674129242044387e+01,3.276128263341548497e+00,7.405992828855232357e-01,1.221297665631597047e+05,8.289864457652602603e-01,1.615351734352714341e-02,1.192292032047387984e+01,7.306802536646575530e-02,1.423793622976444757e-03
6.162875000000000991e-01,1.489743848609341170e-01,4.538372334536668262e+01,4.207123012255792105e+01,3.312493222808759796e+00,7.442709728148219073e-01,1.221669836726236099e+05,8.328425396664165259e-01,1.615067456845306268e-02,1.199738446847027085e+01,7.388888279116323510e-02,1.432870252598565696e-03
6.230424999999999436e-01,1.480983207850082306e-01,4.513236642434236501e+01,4.178368639836352116e+01,3.348680025978842956e+00,7.479434491210836811e-01,1.222038655980474286e+05,8.366994594388934559e-01,1.614787826058732695e-02,1.207199746913278027e+01,7.471526489415734884e-02,1.441966990784820327e-03
6.297975000000000101e-01,1.472262179468575294e-01,4.487291050155803163e+01,4.148941183794089937e+01,3.383498663617130475e+00,7.515001641493220808e-01,1.222392622775460623e+05,8.404348040329727709e-01,1.614521432343347593e-02,1.214702402914419643e+01,7.553711825505460276e-02,1.451109542049080440e-03
6.365525000000000766e-01,1.463606659364041218e-01,4.463109340168126948e+01,4.121329207914260451e+01,3.417801322538667197e+00,7.549961952795005704e-01,1.222737497233698377e+05,8.441064169902001701e-01,1.614263764706941329e-02,1.222230677216369799e+01,7.635885106518459919e-02,1.460281830680746533e-03
6.433074999999999211e-01,1.454984117521469222e-01,4.437467996939776782e+01,4.092409196895170709e+01,3.450588000446057624e+00,7.583388082354795001e-01,1.223064443401133176e+05,8.476169066234950922e-01,1.614021227402957434e-02,1.229802620625138765e+01,7.717206793400865905e-02,1.469500606167126579e-03
6.500624999999999876e-01,1.446423923726798400e-01,4.413082313542945911e+01,4.064832522009346150e+01,3.482497915335995398e+00,7.616095898238549600e-01,1.223381752722312085e+05,8.510519572889407858e-01,1.613787471705913773e-02,1.237401756755513027e+01,7.798383240361236868e-02,1.478750276651278305e-03
6.568175000000000541e-01,1.437916320462102049e-01,4.388934320084831597e+01,4.037627877725516612e+01,3.513064423593153407e+00,7.647779549819061495e-01,1.223686693379654171e+05,8.543794478444766138e-01,1.613564359131602552e-02,1.245033251892642490e+01,7.879120698060793071e-02,1.488035365523124754e-03
6.635724999999998985e-01,1.429458550314794962e-01,4.364708449953627678e+01,4.010483972906672534e+01,3.542244770469552773e+00,7.678311743454776517e-01,1.223978312837871781e+05,8.575860096167036151e-01,1.613352411368559544e-02,1.252698283057919681e+01,7.959277835937940415e-02,1.497356526968311686e-03
6.703274999999999650e-01,1.421058020757636486e-01,4.341161805573459986e+01,3.984100878203009444e+01,3.570609273704504538e+00,7.707877443127493233e-01,1.224258630297449126e+05,8.606910679518762208e-01,1.613149997629407389e-02,1.260392151455046950e+01,8.038998226529929514e-02,1.506709021731668504e-03
6.770825000000000315e-01,1.412711963670977289e-01,4.318078558608394246e+01,3.958274158683698829e+01,3.598043999246955504e+00,7.736302241404925395e-01,1.224526230267758219e+05,8.636763061770478256e-01,1.612957985379188941e-02,1.268115455203272468e+01,8.118086341261318561e-02,1.516092556491986957e-03
6.838375000000000981e-01,1.404414918930079192e-01,4.294976755275097702e+01,3.932567685018339887e+01,3.624090702567576372e+00,7.763278881007982246e-01,1.224778491498022631e+05,8.665094554203148780e-01,1.612778078729773176e-02,1.275870050160594360e+01,8.196209913491542265e-02,1.525507609231439334e-03
6.905924999999999425e-01,1.396151083987222929e-01,4.269854908144765915e+01,3.905022959118571890e+01,3.648319490261942466e+00,7.788384572568696207e-01,1.225011779853377957e+05,8.691461133619091672e-01,1.612612660885883939e-02,1.283666398630174044e+01,8.272961497562100752e-02,1.534964288384835533e-03
6.973475000000000090e-01,1.387954863162157992e-01,4.246043738011879753e+01,3.878841822640645631e+01,3.672019153712342554e+00,7.812949155459895101e-01,1.225238674161805102e+05,8.717259428163343093e-01,1.612452666905219573e-02,1.291485932197275055e+01,8.349608642564536332e-02,1.544447407383708155e-03
7.041025000000000755e-01,1.379831689159248809e-01,4.224212260488906878e+01,3.854677068524856054e+01,3.695351919640510019e+00,7.837136733505730701e-01,1.225460777817142662e+05,8.742661783477181370e-01,1.612296907727278281e-02,1.299324498800928751e+01,8.426291772693525473e-02,1.553952846991891925e-03
7.108574999999999200e-01,1.371754294853361478e-01,4.201569536560244700e+01,3.829843563280097385e+01,3.717259732801475813e+00,7.859847130669735948e-01,1.225668145537279343e+05,8.766512769176750819e-01,1.612152253535268157e-02,1.307196561110621502e+01,8.501908723840914672e-02,1.563491854672610865e-03
7.176124999999999865e-01,1.363711722059509912e-01,4.176441326993774794e+01,3.802687090534696068e+01,3.737542364590788146e+00,7.880870996559045105e-01,1.225859110349345719e+05,8.788592520625146953e-01,1.612019704647670720e-02,1.315110700766441454e+01,8.576260659346220117e-02,1.573073406534193598e-03
7.243675000000000530e-01,1.355758350276228819e-01,4.154717199927488736e+01,3.778890605869882080e+01,3.758265940576067443e+00,7.902346692289561325e-01,1.226053191092967172e+05,8.811146794249593572e-01,1.611885648856375280e-02,1.323035051344917434e+01,8.651449386601067770e-02,1.582671068103252976e-03
7.311224999999998975e-01,1.347882353272031042e-01,4.135616091768702063e+01,3.757736551443900197e+01,3.778795403248017770e+00,7.923612361893173084e-01,1.226244397192440229e+05,8.833480493565579739e-01,1.611754229518562800e-02,1.330973395962603156e+01,8.726780200888512029e-02,1.592285725780041893e-03
7.378774999999999640e-01,1.340033168045975664e-01,4.113591296486350757e+01,3.733888754542869037e+01,3.797025419434813642e+00,7.942485788667069668e-01,1.226413285898297036e+05,8.853301803991604491e-01,1.611638690095782214e-02,1.338953900585578083e+01,8.800017042880681206e-02,1.601938830709970446e-03
7.446325000000000305e-01,1.332223093184224938e-01,4.089588043438768494e+01,3.708229524079570893e+01,3.813585193591974676e+00,7.959619324180693400e-01,1.226565951652816002e+05,8.871295840272317434e-01,1.611534688169934809e-02,1.346971086485981139e+01,8.871805524021998679e-02,1.611627275888504558e-03
7.513875000000000970e-01,1.324500915811381296e-01,4.069262590161997650e+01,3.686212511267115843e+01,3.830500788948817625e+00,7.977106398439937074e-01,1.226721130261889484e+05,8.889661171141370888e-01,1.611429404087886749e-02,1.354995675841965230e+01,8.944266607264943214e-02,1.621327734710230470e-03
7.581424999999999415e-01,1.316846128650161207e-01,4.050739116387157424e+01,3.666064449178340112e+01,3.846746672088172225e+00,7.993883264649829234e-01,1.226869405103579484e+05,8.907280625049025513e-01,1.611329210897739783e-02,1.363036956722056026e+01,9.016269308202365385e-02,1.631045289936317163e-03
7.648975000000000080e-01,1.309218577036370401e-01,4.029368384866036479e+01,3.643323701699226547e+01,3.860446831668098433e+00,8.008015153741379066e-01,1.226993849081803928e+05,8.922122262656519975e-01,1.611245429296407489e-02,1.371117117257961837e+01,9.085752055906894109e-02,1.640795322103287849e-03
7.716525000000000745e-01,1.301625562960481985e-01,4.005495371841124097e+01,3.618285896912998822e+01,3.872094749281254966e+00,8.020017038251429087e-01,1.227099211798706383e+05,8.934726920062987521e-01,1.611174715150072434e-02,1.379233934817867535e+01,9.153236147650155308e-02,1.650577882775137572e-03
7.784074999999999189e-01,1.294104754634515242e-01,3.983216579686402525e+01,3.594848253866310017e+01,3.883683258200925525e+00,8.031944535809045771e-01,1.227203627373600466e+05,8.947253454567158926e-01,1.611104837431058187e-02,1.387367522155993704e+01,9.220907522444800331e-02,1.660380896813873743e-03
7.851624999999999854e-01,1.286680914277841259e-01,3.966371000453245443e+01,3.576763525237364405e+01,3.896074752158809051e+00,8.044682673447235421e-01,1.227314817073543672e+05,8.960631342080686013e-01,1.611030646834632832e-02,1.395498726571510595e+01,9.289659683596535045e-02,1.670186606010174704e-03
7.919175000000000519e-01,1.279277252861352743e-01,3.945377429125027646e+01,3.554811583814059617e+01,3.905658453109677186e+00,8.054522393632015387e-01,1.227400479808379023e+05,8.970965244377513415e-01,1.610973644628702073e-02,1.403672970767873096e+01,9.355503650017053807e-02,1.680027667240270584e-03
7.986724999999998964e-01,1.271903933398473019e-01,3.920835318857503893e+01,3.529520651419117172e+01,3.913146674383865431e+00,8.062202873007925374e-01,1.227467207581403200e+05,8.979031461909414702e-01,1.610929336415890117e-02,1.411886918136445423e+01,9.419222993838421987e-02,1.689904162980925733e-03
8.054274999999999629e-01,1.264626716073391499e-01,3.901104560300476010e+01,3.508918584914488292e+01,3.921859753859880726e+00,8.071130634325039965e-01,1.227544621186053846e+05,8.988407603857346828e-01,1.610878036283239223e-02,1.420101092258573949e+01,9.484513960198512339e-02,1.699788872141142545e-03
8.121825000000000294e-01,1.257429030655888569e-01,3.884740272465146660e+01,3.491659003158630270e+01,3.930812693065162122e+00,8.080293589047969904e-01,1.227623906414178055e+05,8.998030751373620184e-01,1.610825611557143572e-02,1.428322180653903395e+01,9.550250502148609211e-02,1.709683877586103649e-03
8.189375000000000959e-01,1.250257780296298027e-01,3.865032099027685319e+01,3.471317864652797169e+01,3.937142343748881057e+00,8.086764548010680898e-01,1.227679796243629971e+05,9.004826702521788739e-01,1.610788726788551367e-02,1.436580175872830623e+01,9.613158648235368975e-02,1.719607505058471991e-03
8.256924999999999404e-01,1.243118996592981057e-01,3.842194033780132401e+01,3.448060837941157075e+01,3.941331958389751033e+00,8.091043725801356779e-01,1.227716709290281869e+05,9.009320794261106435e-01,1.610764397885939420e-02,1.444873379470825725e+01,9.673770498082201463e-02,1.729560470480294475e-03
8.324475000000000069e-01,1.236064847769201974e-01,3.823305835607305880e+01,3.428683028574292990e+01,3.946228070330126680e+00,8.096040575386180826e-01,1.227759766536288225e+05,9.014568601559670435e-01,1.610736051684543216e-02,1.453170148543839701e+01,9.735327950237290806e-02,1.739522366240167824e-03
8.392025000000000734e-01,1.229083743941508516e-01,3.807572332262527226e+01,3.412470992523695656e+01,3.951013397388314807e+00,8.100920390393315795e-01,1.227801766953208571e+05,9.019693496431001600e-01,1.610708434754353977e-02,1.461474040240847927e+01,9.796860224480395674e-02,1.749492419440188806e-03
8.459574999999999179e-01,1.222120618044108820e-01,3.787100592850384118e+01,3.391834838222008131e+01,3.952657546283757206e+00,8.102596120097492749e-01,1.227816178899994120e+05,9.021453386622353410e-01,1.610698965968775098e-02,1.469818153142277950e+01,9.854832353918512033e-02,1.759491248471119727e-03
8.527124999999999844e-01,1.215211101453491788e-01,3.766971474737108849e+01,3.371657242943455657e+01,3.953142317936528372e+00,8.103090118320142032e-01,1.227820426409540523e+05,9.021972195010377060e-01,1.610696176059859402e-02,1.478180442631436442e+01,9.911504054146960674e-02,1.769504641994514710e-03
8.594675000000000509e-01,1.208366087587000454e-01,3.748807725251308653e+01,3.353491757874809309e+01,3.953159673764993443e+00,8.103107803765269290e-01,1.227820578463979618e+05,9.021990768674932326e-01,1.610696076191616213e-02,1.486554054061428154e+01,9.967672596895353621e-02,1.779528659719526677e-03
8.662224999999998953e-01,1.201569080802985801e-01,3.730452872465330927e+01,3.335283828825339469e+01,3.951690436399914130e+00,8.101610488024697521e-01,1.227807702750386088e+05,9.020418252965136663e-01,1.610704534406447175e-02,1.494947479776521426e+01,1.002210011141867751e-01,1.789566918189310421e-03
8.729774999999999618e-01,1.194803434516944207e-01,3.708857719981634915e+01,3.314062966236966901e+01,3.947947537446679700e+00,8.097794439202886663e-01,1.227774867484316055e+05,9.016410550007737390e-01,1.610726118401630338e-02,1.503372503993317721e+01,1.007383406862071007e-01,1.799628306272900435e-03
8.797325000000000284e-01,1.188107430640570616e-01,3.689852999118516408e+01,3.295423254085622489e+01,3.944297450328936971e+00,8.094070730692982663e-01,1.227742798611109465e+05,9.012499824987045827e-01,1.610747218155827304e-02,1.511805808166383436e+01,1.012568579202286628e-01,1.809699921014340648e-03
8.864875000000000949e-01,1.181468371998702638e-01,3.671434965836206032e+01,3.277426978272651326e+01,3.940079875635550177e+00,8.089765205850707463e-01,1.227705684378845617e+05,9.007978062963221122e-01,1.610771661587313830e-02,1.520255183139361677e+01,1.017686121214225886e-01,1.819786807854796616e-03
8.932424999999999393e-01,1.174884205735660103e-01,3.653860950047251066e+01,3.260359703490289007e+01,3.935012465569621920e+00,8.084587921207382344e-01,1.227661006083190732e+05,9.002540758582374680e-01,1.610801120930941202e-02,1.528719207502743060e+01,1.022697166670211572e-01,1.829885347505700926e-03
8.999975000000000058e-01,1.168329312212481735e-01,3.632285604449118210e+01,3.239506941224349390e+01,3.927786632247686871e+00,8.077197773540427672e-01,1.227597137913289334e+05,8.994779454143295716e-01,1.610843298229638898e-02,1.537216086247189928e+01,1.027441442905507318e-01,1.840008608399349311e-03
9.067525000000000723e-01,1.161859565430676533e-01,3.616341720631137946e+01,3.224161553766005284e+01,3.921801668651323070e+00,8.071071151043217595e-01,1.227544105934400577e+05,8.988345133135503540e-01,1.610878377359515126e-02,1.545709206530762891e+01,1.032334429075370402e-01,1.850135019705438600e-03
9.135074999999999168e-01,1.155431721064238970e-01,3.599299855835840845e+01,3.207871892811204617e+01,3.914279630246360941e+00,8.063364301516381394e-01,1.227477287603255827e+05,8.980251221059645239e-01,1.610922650319014660e-02,1.554223619643658338e+01,1.037029780698418419e-01,1.860276201254556323e-03
9.202624999999999833e-01,1.149041871204406345e-01,3.580851882973602329e+01,3.190368730596082258e+01,3.904831523775197599e+00,8.053673807351059422e-01,1.227393099954286590e+05,8.970074039388638010e-01,1.610978550029175393e-02,1.562759504447756953e+01,1.041472067651115080e-01,1.870429557295863812e-03
9.270175000000000498e-01,1.142686948849149647e-01,3.559283391360664695e+01,3.169915782807472482e+01,3.893676085531923459e+00,8.042218245841811219e-01,1.227293331286036555e+05,8.958043143065490543e-01,1.611044965312897342e-02,1.571322876733499818e+01,1.045689458748877559e-01,1.880603510044773132e-03
9.337724999999998943e-01,1.136430791463306639e-01,3.546845477990182616e+01,3.158361242531953650e+01,3.884842354582287438e+00,8.033136771103219775e-01,1.227214048356724961e+05,8.948505567718088027e-01,1.611097874424564230e-02,1.579871089583953392e+01,1.050190910810686468e-01,1.890774198376625687e-03
9.405274999999999608e-01,1.130189662128729400e-01,3.529385177297648113e+01,3.142130267090626106e+01,3.872549102070220961e+00,8.020484936855660774e-01,1.227103313388928218e+05,8.935218318026563189e-01,1.611171966479449727e-02,1.588452104672960274e+01,1.054231998571195789e-01,1.900959754768092019e-03
9.472825000000000273e-01,1.123982156041319763e-01,3.510497656735364558e+01,3.124703780948900800e+01,3.857938757864634916e+00,8.005429238675950687e-01,1.226971108734083828e+05,8.919406474693833964e-01,1.611260718097724809e-02,1.597052695569639269e+01,1.057950410168377042e-01,1.911151759297072088e-03
9.540375000000000938e-01,1.117805123458226746e-01,3.487618955440824209e+01,3.103476378361352417e+01,3.841425770794719696e+00,7.988390588482633392e-01,1.226820925166778616e+05,8.901512089176664144e-01,1.611361926177645731e-02,1.605681505525924280e+01,1.061402578957550830e-01,1.921363120046217909e-03
9.607924999999999383e-01,1.111735399599921709e-01,3.476053516003889854e+01,3.093224240438589590e+01,3.828292755653006196e+00,7.974824769347917952e-01,1.226700919686366251e+05,8.887264951363595955e-01,1.611443091744740180e-02,1.614290096498677940e+01,1.065280981394642057e-01,1.931572522738916062e-03
9.675475000000000048e-01,1.105678732508475759e-01,3.459238015985266657e+01,3.078080200794707721e+01,3.811578151905592460e+00,7.957543387457894912e-01,1.226547487316473125e+05,8.869115643390197423e-01,1.611547244559297445e-02,1.622929808799813145e+01,1.068661575810789244e-01,1.941792944314307866e-03
9.743025000000000713e-01,1.099644708843063728e-01,3.438857280811175343e+01,3.059666150954682706e+01,3.791911298564928146e+00,7.937192308245238914e-01,1.226365993586982513e+05,8.847742468109880409e-01,1.611670992190505566e-02,1.631593763139555620e+01,1.071618941550114557e-01,1.952020155427474984e-03
9.810574999999999157e-01,1.093656161474543947e-01,3.417438396744441320e+01,3.040281039253028794e+01,3.771573574914124372e+00,7.916132786860992088e-01,1.226177256385552173e+05,8.825625270433941072e-01,1.611800302717774150e-02,1.640275425937714004e+01,1.074462570218791685e-01,1.962262211312327653e-03
9.878124999999999822e-01,1.087760249491315362e-01,3.404766137750235799e+01,3.029358336673651664e+01,3.754078010765844464e+00,7.898007375335994729e-01,1.226014055839381181e+05,8.806589542966929418e-01,1.611912626995444867e-02,1.648946598785723694e+01,1.077669441755637753e-01,1.972510439390609636e-03
9.945675000000000487e-01,1.081895599492451177e-01,3.390881714823622417e+01,3.017439533034441723e+01,3.734421817891806050e+00,7.877636648428834043e-01,1.225829794467439351e+05,8.785195733222266323e-01,1.612040011349983454e-02,1.657635903267556543e+01,1.080554141178541178e-01,1.982763461288105170e-03
1.001322499999999893e+00,1.076032395170274381e-01,3.369194179063087802e+01,2.998171670893030338e+01,3.710225081700576411e+00,7.852554863273681907e-01,1.225601683234232769e+05,8.758854260867772190e-01,1.612198534473795880e-02,1.666358067489171191e+01,1.082781307688958500e-01,1.993021444837706803e-03
1.008077499999999960e+00,1.070227989495925597e-01,3.349823364613037313e+01,2.981172544830235438e+01,3.686508197828016975e+00,7.827968860399556750e-01,1.225376745418134087e+05,8.733033470560778166e-01,1.612355738761594645e-02,1.675088108460982639e+01,1.085046091711224098e-01,2.003290493147613475e-03
1.014832500000000026e+00,1.064502079245377986e-01,3.337399348208619898e+01,2.970913222848875179e+01,3.664861253597448965e+00,7.805529505399321222e-01,1.225170283180069528e+05,8.709467139626396737e-01,1.612500799827533415e-02,1.683814582647960023e+01,1.087572150805736493e-01,2.013568608652708397e-03
1.021587500000000093e+00,1.058804371479916268e-01,3.323803915876703741e+01,2.959716666691174680e+01,3.640872491855291049e+00,7.780667078102441181e-01,1.224940217783010885e+05,8.683356041981027396e-01,1.612663305103804665e-02,1.692557744271211462e+01,1.089737181831925000e-01,2.023847872701817555e-03
1.028342499999999937e+00,1.053109108235273234e-01,3.302979298680612175e+01,2.941746589263610190e+01,3.612327094170019848e+00,7.751093362560502742e-01,1.224664748084995372e+05,8.652297040177576726e-01,1.612859065096674052e-02,1.701328487653789523e+01,1.091220670767653750e-01,2.034124744788422343e-03
1.035097500000000004e+00,1.047467162217874254e-01,3.284386454748684514e+01,2.925992342149996972e+01,3.583941125986872311e+00,7.721703025984647528e-01,1.224389020147648698e+05,8.621430627216413178e-01,1.613056289048035025e-02,1.710107200576300102e+01,1.092692274310902850e-01,2.044410285582129970e-03
1.041852500000000070e+00,1.041891774683765953e-01,3.271310439511114510e+01,2.915607515789966797e+01,3.557029237211474904e+00,7.693746036577017167e-01,1.224124900778550509e+05,8.592069548687091274e-01,1.613246399885430449e-02,1.718887482706723802e+01,1.094326050069880374e-01,2.054705854709756082e-03
1.048607499999999915e+00,1.036345792153918477e-01,3.257779006497328567e+01,2.904955883045836984e+01,3.528231234514916270e+00,7.663640673355888167e-01,1.223838459006289195e+05,8.560452198163359672e-01,1.613453882621496485e-02,1.727681705355232467e+01,1.095620905023499542e-01,2.065000495500353417e-03
1.055362499999999981e+00,1.030805989212379564e-01,3.238248256808727632e+01,2.888732491115145251e+01,3.495157656935825141e+00,7.629170386953950667e-01,1.223507877204614488e+05,8.524250704103371046e-01,1.613695008690578525e-02,1.736497501065212035e+01,1.096258362035962136e-01,2.075286976486007910e-03
1.062117500000000048e+00,1.025311389197933049e-01,3.220383427891279382e+01,2.874256620982285071e+01,3.461268069089939559e+00,7.594312375784636471e-01,1.223170709237217525e+05,8.487642012502309985e-01,1.613942763428589944e-02,1.745322217686389621e+01,1.096795137071110010e-01,2.085578741224160433e-03
1.068872499999999892e+00,1.019870283489828361e-01,3.206388575823473985e+01,2.863626345197750211e+01,3.427622306257239071e+00,7.559957535287625818e-01,1.222835550238577271e+05,8.451561762408581480e-01,1.614190848211247836e-02,1.754152894696908049e+01,1.097357768727450222e-01,2.095878746780353071e-03
1.075627499999999959e+00,1.014456073201831510e-01,3.191488559869400277e+01,2.852311041623858756e+01,3.391775182455415205e+00,7.523449392425644033e-01,1.222476233462870587e+05,8.413220064241406781e-01,1.614458792410312579e-02,1.762996719918449884e+01,1.097564243988384536e-01,2.106176030594532952e-03
1.082382500000000025e+00,1.009060849380550434e-01,3.174005516792672310e+01,2.838689817093963796e+01,3.353156996987083804e+00,7.483996298787728430e-01,1.222084231995737646e+05,8.371785510483220616e-01,1.614753416714860557e-02,1.771854722643672986e+01,1.097294283219852340e-01,2.116465705854746280e-03
1.089137499999999870e+00,1.003699603283355474e-01,3.156830009420609784e+01,2.825525074907507772e+01,3.313049345131021006e+00,7.443272430486429503e-01,1.221675513597894169e+05,8.329016359707428485e-01,1.615063136961736659e-02,1.780723306601867506e+01,1.096785751446951451e-01,2.126755621319335963e-03
1.095892499999999936e+00,9.983801110942294721e-02,3.142264253893505810e+01,2.815030274420866263e+01,3.272339794726395468e+00,7.402174271265739014e-01,1.221258760973478202e+05,8.285854119929211281e-01,1.615381572201261828e-02,1.789600521334469363e+01,1.096167307191473206e-01,2.137050016156587500e-03
1.102647500000000003e+00,9.930842481051727066e-02,3.126628691978030616e+01,2.803692673718353134e+01,3.229360182596776596e+00,7.358839915409256527e-01,1.220814603755244461e+05,8.240343374592220549e-01,1.615723827541404659e-02,1.798489673662380639e+01,1.095162957737344928e-01,2.147338776334078124e-03
1.109402499999999847e+00,9.878138517921095096e-02,3.111085025709157392e+01,2.792638295977932117e+01,3.184467297312253198e+00,7.313517264213963420e-01,1.220344788019622210e+05,8.192744475386757319e-01,1.616089044434470059e-02,1.807389541697220992e+01,1.093803976535717287e-01,2.157622062483260418e-03
1.116157499999999914e+00,9.825670536592337467e-02,3.095785993892976506e+01,2.782026255259431125e+01,3.137597386335454708e+00,7.266088092159119771e-01,1.219847254632556142e+05,8.142933259129585544e-01,1.616479330931776953e-02,1.816299993859109563e+01,1.092068002160985207e-01,2.167898590456933915e-03
1.122912499999999980e+00,9.773381127108715649e-02,3.079676109796881889e+01,2.770848699400809778e+01,3.088274103960720218e+00,7.216000820144925498e-01,1.219315186542035954e+05,8.090330444660343012e-01,1.616900656129011821e-02,1.825221072125243182e+01,1.089866967848036883e-01,2.178163954440072003e-03
1.129667499999999825e+00,9.721279986517465665e-02,3.062802857247107724e+01,2.759133029297424144e+01,3.036698279496834907e+00,7.163473434642325666e-01,1.218749713770374801e+05,8.035164966425378807e-01,1.617352833692952199e-02,1.834152327387916515e+01,1.087227673208527728e-01,2.188418987638388307e-03
1.136422499999999891e+00,9.669453107959652405e-02,3.048172561431242045e+01,2.749780000558042303e+01,2.983925608731996526e+00,7.109647129537175481e-01,1.218162145782367734e+05,7.978635332705086292e-01,1.617827401733358539e-02,1.843094122678525792e+01,1.084318836722021895e-01,2.198672646528596758e-03
1.143177499999999958e+00,9.617760227009532203e-02,3.034183778350828931e+01,2.741313136285507213e+01,2.928706420653216735e+00,7.053060257565283431e-01,1.217535398621002969e+05,7.919206487650624071e-01,1.618338824842250820e-02,1.852046886322072794e+01,1.080913680172328611e-01,2.208913958303612528e-03
1.149932500000000024e+00,9.566001194491068060e-02,3.015681365067087683e+01,2.728749258657802912e+01,2.869321064092846374e+00,6.991400917903313195e-01,1.216841671983414708e+05,7.854450419410062834e-01,1.618911057145812349e-02,1.861006840702624743e+01,1.076647704508206099e-01,2.219120091676517713e-03
1.156687499999999869e+00,9.514383698832000469e-02,2.997302943249005125e+01,2.716472668570765592e+01,2.808302746782393999e+00,6.927340366304332031e-01,1.216108708995667257e+05,7.787172542715088408e-01,1.619522539559091479e-02,1.869976130434044137e+01,1.071924091253139560e-01,2.229313935139257824e-03
1.163442499999999935e+00,9.463006664786891009e-02,2.982171922193575853e+01,2.707506351670337708e+01,2.746655705232382783e+00,6.862281750696866967e-01,1.215351249197233556e+05,7.718846476055769568e-01,1.620161736580775017e-02,1.878957651157477216e+01,1.066957152768259753e-01,2.239509697269710924e-03
1.170197500000000002e+00,9.411662082342406310e-02,2.967452328406078621e+01,2.699233859336462160e+01,2.682184690696164164e+00,6.794003580293385136e-01,1.214541748085045401e+05,7.647139158296162309e-01,1.620852849494262143e-02,1.887949824273957589e+01,1.061396524950402737e-01,2.249687819585172079e-03
1.176952499999999846e+00,9.360099759025319877e-02,2.945944200795863921e+01,2.684744393849047839e+01,2.611998069468159489e+00,6.719534033273372176e-01,1.213641354838140542e+05,7.568929513251166918e-01,1.621631048850366574e-02,1.896942711979269447e+01,1.054762826330142012e-01,2.259812494429509853e-03
1.183707499999999913e+00,9.308666781923582989e-02,2.924985961616306085e+01,2.670993158217851970e+01,2.539928033984540701e+00,6.643328384226993011e-01,1.212700501686980570e+05,7.488896573602166207e-01,1.622454633615734443e-02,1.905945153621052057e+01,1.047749739481060732e-01,2.269929091667317791e-03
1.190462499999999979e+00,9.257513607036078895e-02,2.908554288154629930e+01,2.661762834676160594e+01,2.467914534784694247e+00,6.567352469683215288e-01,1.211742250577511586e+05,7.409104906454775374e-01,1.623304115030543490e-02,1.914962254279072340e+01,1.040667485156543809e-01,2.280059241112077865e-03
1.197217499999999824e+00,9.206341705366254125e-02,2.890876463482721803e+01,2.651599344298242755e+01,2.392771191844791367e+00,6.488310177556629865e-01,1.210723170447801967e+05,7.326092858468207236e-01,1.624219028403039305e-02,1.923986807194734183e+01,1.032987664081691376e-01,2.290167832322419824e-03
1.203972499999999890e+00,9.155012961018710316e-02,2.866861773832450311e+01,2.635576848173907294e+01,2.312849256585430169e+00,6.404687688190665584e-01,1.209619592966421624e+05,7.238270581137401516e-01,1.625222823118103663e-02,1.933010332202694315e+01,1.024456623213431672e-01,2.300232171037938731e-03
1.210727499999999957e+00,9.104016487142954639e-02,2.846363078023360771e+01,2.623007091090933329e+01,2.233559869324272640e+00,6.322267400544546723e-01,1.208505359153038589e+05,7.151710883928862339e-01,1.626249669659024857e-02,1.942047603865606931e+01,1.016001089522313161e-01,2.310316318745228321e-03
1.217482500000000023e+00,9.053419368289741809e-02,2.832322533939465359e+01,2.616752979347000974e+01,2.155695545924642520e+00,6.241928247439043620e-01,1.207392991170593159e+05,7.067336842471237945e-01,1.627287815689526865e-02,1.951103637449489980e+01,1.007767973848789633e-01,2.320433540157713914e-03
1.224237499999999867e+00,9.002716905986876683e-02,2.815491202062923293e+01,2.608072514659016861e+01,2.074186874039065209e+00,6.158326016145192483e-01,1.206206887890646613e+05,6.979535840637498545e-01,1.628408709395209181e-02,1.960164576329718500e+01,9.988876757337972201e-02,2.330523731108002407e-03
1.230992499999999934e+00,8.951883921635624131e-02,2.793814409102295571e+01,2.594980520602247509e+01,1.988338885000481948e+00,6.071279280896496600e-01,1.204939783546941326e+05,6.888117340880856032e-01,1.629621586283375861e-02,1.969224488119908756e+01,9.893202096366503218e-02,2.340577968673380159e-03
1.237747500000000000e+00,8.901507549293857791e-02,2.784704812908931615e+01,2.594163508756918191e+01,1.905413041520135353e+00,5.987884668354628293e-01,1.203693888702732074e+05,6.800534385074615829e-01,1.630829261343687969e-02,1.978321255607758999e+01,9.802383424610257301e-02,2.350699638376927206e-03
1.244502499999999845e+00,8.850682843566186342e-02,2.773603632511071737e+01,2.591941199420855213e+01,1.816624330902165019e+00,5.899026436777253801e-01,1.202330563475351955e+05,6.707213409869475784e-01,1.632167415973306140e-02,1.987428140240178465e+01,9.701373370101211424e-02,2.360781525390360288e-03
1.251257499999999911e+00,8.799027113059945671e-02,2.756157372753976631e+01,2.584294598255482711e+01,1.718627744984937422e+00,5.801238651811509994e-01,1.200785705487238010e+05,6.604514410641619815e-01,1.633704137606071388e-02,1.996526962077859579e+01,9.584232784313864717e-02,2.370772441692982260e-03
1.258012499999999978e+00,8.746647496194762117e-02,2.732179266807423090e+01,2.570864022076638733e+01,1.613152447307843795e+00,5.696035700822825731e-01,1.199069142059296864e+05,6.494027832117108545e-01,1.635436221280939240e-02,2.005612042323569710e+01,9.453248474952316571e-02,2.380677349155379836e-03
1.264767499999999822e+00,8.694170919177771073e-02,2.720199688722153297e+01,2.569335730652443317e+01,1.508639580697099136e+00,5.591540418254918876e-01,1.197305309802816191e+05,6.384284463377182250e-01,1.637241992888132519e-02,2.014749519563365965e+01,9.322104595332153520e-02,2.390642395890298089e-03
1.271522499999999889e+00,8.640494360479762659e-02,2.696103533060383128e+01,2.556700139222603241e+01,1.394033938377798876e+00,5.476277315864388484e-01,1.195288028264524619e+05,6.263232480580429584e-01,1.639338344796891986e-02,2.023849923853087063e+01,9.171179197715105536e-02,2.400464260656770630e-03
1.278277499999999955e+00,8.586013693358271470e-02,2.654412322220118625e+01,2.527044145318880908e+01,1.273681769012377174e+00,5.353981721724502263e-01,1.193060623171086481e+05,6.134794811882416932e-01,1.641690117864670964e-02,2.032896468648185717e+01,9.006448866829616651e-02,2.410153649000483945e-03
1.285032500000000022e+00,8.533781304228006681e-02,2.670437166400528994e+01,2.552546267206087194e+01,1.178908991944418005e+00,5.256288168901726010e-01,1.191213152821680851e+05,6.032194777436112876e-01,1.643669135571182438e-02,2.042171905336603288e+01,8.882452752541432350e-02,2.420315320740863262e-03
1.291787499999999866e+00,8.478655016310335246e-02,2.652347967520964644e+01,2.546062136464744441e+01,1.062858310562201369e+00,5.134622447572850801e-01,1.188822575973511266e+05,5.904418615769416734e-01,1.646266672175043452e-02,2.051324679802949547e+01,8.715741926894132741e-02,2.430118254014537477e-03
1.298542499999999933e+00,8.421736341906815859e-02,2.633621188578910122e+01,2.539729059214742790e+01,9.389212936416720945e-01,5.002902581628019263e-01,1.186115002854634076e+05,5.766083358296298922e-01,1.649256733571494854e-02,2.060485128870032057e+01,8.530077416616711761e-02,2.439834241556647614e-03
1.305297499999999999e+00,8.362933536272289248e-02,2.611315011560308008e+01,2.530575840348866734e+01,8.073917121144110753e-01,4.861658599811173320e-01,1.183063498919150443e+05,5.617745653493707580e-01,1.652685141538601243e-02,2.069634885189123708e+01,8.326061918757501901e-02,2.449444967680809888e-03
1.312052499999999844e+00,8.302285988456571675e-02,2.579231544415521782e+01,2.512317231524132310e+01,6.691431289138944916e-01,4.711967279468561309e-01,1.179648534252076352e+05,5.460536357898468918e-01,1.656592033783930995e-02,2.078735673536615636e+01,8.105185842514039951e-02,2.458913450805140684e-03
1.318807499999999910e+00,8.241499643057655089e-02,2.577970539681003359e+01,2.523980674407869174e+01,5.398986527313416328e-01,4.571050413315929650e-01,1.176249056121651520e+05,5.312542197551437528e-01,1.660551332414116066e-02,2.088033056648325925e+01,7.897958057064906334e-02,2.468679642875054071e-03
1.325562499999999977e+00,8.176909138139289157e-02,2.554793874129248366e+01,2.515357242055208786e+01,3.943663207403940718e-01,4.411243268381048743e-01,1.172157203776502865e+05,5.144709028408450679e-01,1.665405356430094477e-02,2.097205631314197305e+01,7.655322053931173931e-02,2.478121558170698260e-03
1.332317499999999821e+00,8.109441601393585497e-02,2.541506047488276110e+01,2.516970018630502537e+01,2.453602885777363685e-01,4.245369848058884177e-01,1.167617762042400427e+05,4.970504916191818001e-01,1.670897745641303916e-02,2.106464131358290004e+01,7.399988444442825997e-02,2.487599191243623428e-03
1.339072499999999888e+00,8.006453414720307582e-02,2.515242907341700018e+01,2.505377315070466437e+01,9.865592271233751542e-02,4.062722824364996543e-01,1.157801881139519974e+05,4.796987785958027328e-01,1.681390023321822566e-02,2.115623565601287126e+01,7.112414062347049981e-02,2.492969042191512698e-03
1.345827499999999954e+00,7.874434914032299448e-02,2.503835832348503487e+01,2.507174097379196098e+01,-3.338265030692440932e-02,3.875853776852410948e-01,1.143705336483395222e+05,4.632750442569628091e-01,1.696410205529668563e-02,2.124902834987536693e+01,6.815032043743039780e-02,2.495513206104161934e-03
1.352582500000000021e+00,7.727828398226631312e-02,2.488349980370015757e+01,2.505025385695008566e+01,-1.667540532499288131e-01,3.673880206141763027e-01,1.127300664240657206e+05,4.455237884284918848e-01,1.714842435962907544e-02,2.134158248341211461e+01,6.488033036259407971e-02,2.497275042428550446e-03
1.359337499999999865e+00,7.539356112716036340e-02,2.466465209902444400e+01,2.494589006257556107e+01,-2.812379635511170206e-01,3.455059543452286830e-01,1.104538934446484782e+05,4.276221341856386582e-01,1.742467338327026438e-02,2.143340143291186450e+01,6.127849301422294559e-02,2.496965523604796101e-03
1.366092499999999932e+00,7.265162660090734859e-02,2.474968999162408423e+01,2.508278483647225343e+01,-3.330948448481685364e-01,3.232181873103276981e-01,1.069056030051695561e+05,4.133148338091404694e-01,1.789750228538176252e-02,2.152779015612703972e+01,5.757801437736174283e-02,2.493263148601239723e-03
1.372847499999999998e+00,6.942472309209564429e-02,2.473156358102047392e+01,2.509778655401769853e+01,-3.662229729972255043e-01,2.980978791757137314e-01,1.025999375647818961e+05,3.971892258256528585e-01,1.852467008523828867e-02,2.162107416088001344e+01,5.333319417036541665e-02,2.487428566432589062e-03
1.379602499999999843e+00,6.564293867403968308e-02,2.475876524365749631e+01,2.515589745619477569e+01,-3.971322125372797052e-01,2.704224393424416450e-01,9.743260106536152307e+04,3.794233890719627689e-01,1.936337070349432657e-02,2.171503869844218926e+01,4.859200012996241214e-02,2.479828441894632324e-03
1.386357499999999909e+00,6.005834401177331805e-02,2.498040279339505787e+01,2.525885957762681500e+01,-2.784567842317561825e-01,2.394290876147127933e-01,8.953266940506910032e+04,3.655788370744137983e-01,2.078139377384798439e-02,2.180984132928118768e+01,4.321065590801543427e-02,2.456317391993715661e-03
1.393112499999999976e+00,5.294091096834658422e-02,2.553635361056229769e+01,2.560292118309355658e+01,-6.656757253125844542e-02,2.040312554917009247e-01,7.928104549692478031e+04,3.518139069909831385e-01,2.304983232223027992e-02,2.190898634731660977e+01,3.698966761072269155e-02,2.423456319206967764e-03
1.399867499999999820e+00,4.192089052927666648e-02,2.591956970454112152e+01,2.548914881347499062e+01,4.304208910661315168e-01,1.580643787312168702e-01,6.304079719225254667e+04,3.427661936554604050e-01,2.731211353286829013e-02,2.200065054148954857e+01,2.877603635515917427e-02,2.292916823495299607e-03
1.406622499999999887e+00,2.547311741527940460e-02,2.728872546566003265e+01,2.500540712044400848e+01,2.283318345216024614e+00,9.822548360519411936e-02,3.845540068035831064e+04,3.491825276929720334e-01,3.818377356147366342e-02,2.208612722116921745e+01,1.795168368555353014e-02,1.963050755790073359e-03
